35_2_Mumford0_SA_Obj_dis RESULTS EVALUATION:
\
HV:0.8964 | BM:0.0000

\
	Operator	Passenger
\
f1_ATT	23.5169		14.9693
\
f2_TRT	0		1
\
d_0	21.8348		72.4310
\
d_1	43.9151		27.4667
\
d_2	30.6348		0.1023
\
d_un	3.6153		0.0000

\
Best Operator Route set:
\
[[1, 24, 7, 10, 21],
[1, 3, 11, 17, 22, 0, 13],
[8, 12, 0, 28, 16, 27, 29],
[5, 6, 13, 18, 19],
[23, 14, 11, 25],
[2, 7, 4],
[9, 14, 11, 17, 22, 18],
[5, 15],
[8, 26],
[1, 14, 7, 16, 6, 5],
[14, 20],
[2, 7, 20, 23]]

\
Best Passenger Route set:
\
[[7, 14, 11, 25, 28, 16, 10, 21, 5, 15, 2, 6, 13, 18, 12],
[9, 1, 3, 11, 17, 22, 0, 18, 13, 6, 21, 2, 29, 10, 15],
[3, 1, 9, 23, 14, 7, 27, 10, 15, 6, 13, 18, 19, 12, 8],
[20, 24, 4, 7, 25, 0, 18, 12, 8],
[1, 23, 14, 11, 17, 19, 8, 26, 0, 13, 6, 5],
[13, 6, 16, 7, 20, 23, 3, 4, 24, 14, 11, 17, 12, 19, 0],
[14, 3, 23, 24],
[4, 1, 3, 24, 7, 10, 21, 5],
[26, 8, 12, 0, 28, 16, 27, 29, 2, 7, 25, 22, 19, 17, 18],
[9, 1, 24, 7, 16, 6, 5],
[21, 15, 27, 7, 28, 17, 22, 19, 12, 8],
[1, 14, 20, 4, 23, 9, 3, 11]]

\
Best Operator Route set string:
\
1-24-7-10-21*1-3-11-17-22-0-13*8-12-0-28-16-27-29*5-6-13-18-19*23-14-11-25*2-7-4*9-14-11-17-22-18*5-15*8-26*1-14-7-16-6-5*14-20*2-7-20-23*

\
Best Passenger Route set sting:
\
7-14-11-25-28-16-10-21-5-15-2-6-13-18-12*9-1-3-11-17-22-0-18-13-6-21-2-29-10-15*3-1-9-23-14-7-27-10-15-6-13-18-19-12-8*20-24-4-7-25-0-18-12-8*1-23-14-11-17-19-8-26-0-13-6-5*13-6-16-7-20-23-3-4-24-14-11-17-12-19-0*14-3-23-24*4-1-3-24-7-10-21-5*26-8-12-0-28-16-27-29-2-7-25-22-19-17-18*9-1-24-7-16-6-5*21-15-27-7-28-17-22-19-12-8*1-14-20-4-23-9-3-11*