12_5_Mumford3_GA_Obj_dis RESULTS EVALUATION:
\
HV:0.8246 | BM:0.0000

\
	Operator	Passenger
\
f1_ATT	37.9820		28.5610
\
f2_TRT	0		1
\
d_0	19.6367		44.6798
\
d_1	48.2205		53.0713
\
d_2	27.7729		2.2490
\
d_un	4.3699		0.0000

\
Best Operator Route set:
\
[[20, 32, 60, 73, 48, 2, 49, 66, 80, 63, 58, 104, 18, 109],
[85, 92, 126, 26, 11, 1, 118, 52, 89, 59, 43, 69, 109],
[10, 117, 24, 5, 29, 27, 67, 11, 7, 40, 50, 13],
[35, 91, 88, 101, 0, 79, 2, 23, 53, 61, 87, 84, 56, 3, 71, 100, 96],
[34, 56, 3, 78, 114, 2, 11, 46, 39, 30, 22, 119],
[10, 86, 24, 36, 9, 72, 49, 2, 48, 126, 92, 76],
[83, 50, 116, 93, 88, 39, 31, 89, 113, 43, 69, 109],
[45, 73, 48, 97, 11, 1, 118, 52, 89, 17, 64, 111],
[75, 60, 73, 48, 0, 77, 1, 118, 52, 89, 42, 98],
[99, 55, 16, 62, 112, 6, 73, 48, 2, 49, 124, 9, 63, 105, 104, 18, 109],
[57, 8, 35, 125, 88, 101, 0, 11, 2, 114, 78, 3, 56, 34, 68],
[19, 92, 126, 26, 11, 1, 118, 52, 89, 113, 90, 103],
[20, 50, 65, 82, 88, 39, 31, 89, 42, 43, 69, 109],
[34, 56, 12, 78, 114, 2, 79, 0, 101, 88, 91, 123, 125, 121, 25, 41, 30, 54, 33],
[10, 117, 24, 5, 80, 81, 67, 11, 7, 40, 50, 13],
[4, 43, 113, 89, 52, 118, 1, 11, 26, 126, 92, 76],
[28, 42, 89, 52, 118, 1, 11, 97, 48, 73, 60, 75],
[21, 22, 30, 39, 46, 11, 1, 118, 52, 89, 17, 64, 111],
[19, 32, 60, 73, 48, 2, 49, 124, 9, 36, 24, 86, 109],
[10, 117, 24, 36, 80, 66, 49, 2, 48, 126, 92, 20],
[6, 73, 48, 0, 79, 37, 23, 53, 61, 87, 110, 84, 56, 15, 107, 3, 115, 108, 14, 106],
[76, 92, 126, 26, 11, 1, 118, 52, 89, 42, 90, 103],
[74, 114, 16, 55, 60, 73, 48, 0, 11, 1, 118, 52, 89, 17, 64, 111],
[32, 60, 73, 48, 2, 49, 72, 9, 5, 24, 86, 109],
[10, 86, 24, 36, 9, 72, 49, 2, 48, 126, 92, 83],
[10, 117, 24, 36, 9, 72, 49, 2, 48, 126, 92, 76],
[20, 32, 60, 73, 48, 2, 49, 124, 9, 5, 24, 86],
[69, 43, 113, 89, 52, 118, 1, 11, 26, 126, 92, 76],
[19, 32, 60, 73, 48, 2, 49, 72, 9, 36, 24, 86],
[45, 73, 48, 2, 49, 72, 9, 63, 58, 104, 18, 109],
[10, 117, 24, 36, 80, 66, 49, 2, 48, 73, 60, 75],
[10, 86, 24, 36, 9, 124, 49, 2, 48, 73, 60, 32],
[10, 117, 24, 36, 80, 66, 49, 2, 48, 126, 92, 50, 65, 120, 44],
[85, 92, 126, 26, 11, 1, 118, 52, 89, 42, 43, 69, 109],
[18, 104, 105, 63, 80, 66, 49, 2, 48, 73, 60, 32, 19],
[10, 86, 24, 5, 80, 66, 49, 2, 48, 126, 92, 13],
[20, 92, 126, 26, 11, 1, 118, 52, 89, 42, 43, 69, 109],
[10, 117, 24, 36, 80, 66, 49, 2, 48, 126, 92, 83],
[32, 60, 73, 48, 2, 49, 72, 9, 63, 105, 43, 103],
[20, 92, 126, 48, 2, 49, 66, 80, 36, 24, 86, 109],
[18, 104, 105, 63, 9, 124, 49, 2, 48, 73, 60, 32, 20],
[76, 50, 40, 82, 88, 39, 31, 89, 42, 43, 69, 109],
[20, 32, 60, 73, 48, 2, 49, 72, 9, 36, 24, 117],
[69, 43, 105, 63, 9, 124, 49, 2, 48, 73, 60, 75],
[20, 92, 126, 26, 11, 1, 118, 52, 89, 59, 43, 103],
[20, 92, 126, 26, 11, 1, 118, 52, 89, 113, 43, 109],
[20, 50, 116, 93, 88, 39, 31, 89, 113, 43, 69, 109],
[10, 86, 24, 36, 29, 27, 67, 11, 26, 126, 92, 85],
[19, 32, 60, 73, 48, 2, 49, 66, 80, 63, 105, 104, 59, 89, 51, 38, 47, 31, 52, 122, 94, 81, 9, 70],
[13, 83, 92, 126, 48, 2, 49, 124, 9, 5, 24, 86],
[102, 24, 86, 18, 104, 58, 63, 9, 72, 49, 2, 48, 73, 60, 32, 20],
[20, 32, 60, 73, 48, 2, 49, 66, 80, 63, 105, 104, 18, 109],
[95, 13, 50, 92, 126, 48, 2, 49, 72, 9, 5, 24, 86],
[20, 32, 60, 73, 48, 2, 49, 124, 9, 63, 58, 104, 18, 109],
[20, 32, 60, 73, 48, 2, 49, 124, 9, 36, 24, 86, 109],
[20, 50, 40, 93, 88, 39, 31, 89, 42, 43, 69, 109],
[10, 86, 24, 36, 29, 81, 1, 11, 26, 40, 50, 13],
[10, 86, 24, 36, 80, 66, 49, 2, 48, 126, 92, 83],
[4, 43, 42, 89, 52, 118, 1, 11, 26, 40, 50, 13],
[76, 50, 116, 93, 88, 39, 31, 89, 59, 43, 69, 109]]

\
Best Passenger Route set:
\
[[57, 8, 119, 21, 22, 30, 39, 46, 11, 2, 37, 23, 53, 61, 106, 87, 84, 110, 68, 56, 12, 15],
[116, 120, 7, 26, 0, 48, 73, 99, 55, 16, 114, 23, 72, 70, 80, 63, 105, 43, 103, 64, 111, 28, 17, 42],
[110, 84, 68, 34, 56, 12, 3, 78, 114, 2, 48, 73, 60, 32, 19],
[125, 88, 39, 25, 41, 30, 38, 52, 122, 29, 80, 66, 14, 61, 115, 106, 87, 110, 84, 56, 68],
[15, 107, 12, 100, 3, 56, 34, 68, 110, 87, 24, 36, 5, 80, 81, 67, 11, 7, 40, 50, 13],
[20, 76, 92, 83, 50, 13, 19, 32, 60, 73, 48, 2, 49, 72, 124, 9, 5, 24, 117, 10, 4],
[94, 81, 1, 67, 46, 39, 25, 33, 30, 38, 31, 51, 52, 122, 29, 9, 66, 14, 100, 12, 56, 3, 107],
[35, 125, 88, 30, 39, 38, 51, 54, 47, 31, 52, 118, 1, 11, 79, 97, 48, 73, 60, 75, 32, 45, 6, 112, 62],
[15, 56, 34, 68, 84, 87, 24, 5, 63, 58, 104, 59, 89, 42, 43, 64, 28, 103, 4, 18, 10, 117, 86, 109],
[40, 116, 120, 93, 82, 95, 13, 50, 83, 92, 126, 73, 48, 2, 23, 53, 61, 115, 106, 14, 100, 78, 96, 3],
[83, 92, 13, 95, 44, 82, 88, 39, 31, 89, 42, 43, 69, 10, 117, 86],
[103, 18, 10, 117, 24, 36, 9, 72, 49, 2, 48, 126, 92, 76, 20],
[75, 19, 32, 6, 73, 48, 2, 49, 66, 80, 5, 36, 24, 86, 10, 69, 109, 4, 64, 98, 17, 113, 42, 59, 90],
[104, 18, 69, 4, 43, 105, 63, 9, 124, 49, 2, 48, 73, 60, 75],
[37, 97, 0, 79, 11, 26, 7, 40, 50, 83, 92, 126, 73, 99, 48, 2, 49, 124, 9, 63, 105, 104, 42, 89, 52],
[79, 48, 73, 126, 92, 83, 50, 95, 40, 93, 26, 11, 77, 0, 97, 2, 49, 72, 9, 63, 58, 104, 18, 109, 69],
[83, 13, 95, 50, 19, 85, 92, 126, 26, 11, 77, 1, 118, 52, 89, 113, 98, 17, 42, 104, 105, 58, 63, 36, 5],
[94, 81, 67, 27, 118, 46, 39, 31, 38, 47, 54, 51, 52, 122, 29, 80, 70, 66, 14, 100, 12, 56, 84, 68, 34],
[106, 61, 87, 84, 110, 68, 3, 96, 78, 114, 2, 79, 0, 101, 88, 91, 125, 35, 123, 95, 82, 65, 7, 26],
[26, 120, 44, 82, 65, 116, 95, 13, 83, 50, 92, 126, 48, 2, 114, 78, 96, 71, 3, 15, 107, 56, 84, 110],
[49, 74, 114, 16, 112, 55, 6, 45, 32, 60, 73, 48, 2, 37, 23, 72, 66, 80, 63, 105, 104, 18, 109],
[10, 117, 24, 5, 29, 27, 67, 77, 11, 0, 26, 40, 92, 50, 13, 19],
[55, 16, 112, 32, 20, 85, 76, 83, 13, 50, 40, 7, 11, 1, 27, 94, 29, 5, 24, 117, 86, 109, 4],
[75, 20, 50, 116, 93, 88, 39, 31, 89, 113, 43, 103, 109, 86, 10, 117, 24],
[82, 95, 13, 76, 83, 50, 92, 126, 48, 2, 74, 72, 9, 36, 24, 86, 10, 18, 4, 69, 103, 64, 17],
[57, 8, 119, 21, 22, 30, 38, 31, 52, 122, 94, 29, 5, 24, 102, 108, 106, 61, 115, 3, 68, 84, 110, 87],
[125, 88, 39, 25, 41, 57, 30, 33, 38, 52, 122, 29, 80, 66, 14, 61, 108, 115, 106, 87, 110, 84, 56],
[69, 109, 10, 86, 117, 24, 36, 5, 29, 122, 52, 51, 38, 47, 54, 31, 33, 25, 30],
[92, 20, 19, 32, 60, 73, 48, 97, 79, 11, 1, 118, 122, 52, 51, 89, 42, 90, 103, 4, 109, 43, 28, 111, 69],
[112, 6, 45, 32, 60, 73, 48, 2, 49, 72, 124, 9, 80, 63, 58, 104, 105, 43, 17, 42, 98, 113, 89],
[37, 74, 114, 16, 55, 60, 45, 73, 48, 2, 23, 53, 61, 87, 110, 84, 56, 15, 107, 3, 115, 108, 106, 102, 24],
[107, 3, 78, 96, 71, 100, 14, 66, 80, 36, 24, 117, 86, 10, 4, 18, 109],
[38, 47, 31, 51, 52, 122, 81, 80, 63, 105, 104, 59, 89, 113, 90, 42, 17, 28, 103, 18, 86, 24, 102, 106, 61],
[21, 22, 30, 54, 33, 39, 46, 11, 97, 48, 126, 73, 60, 32, 20, 76, 50, 83],
[25, 41, 21, 119, 8, 57, 22, 125, 35, 91, 88, 101, 0, 79, 2, 23, 53, 61, 108, 87, 110, 84, 56, 68],
[21, 41, 30, 31, 89, 42, 90, 103, 28, 64, 43, 104, 58, 63, 80, 66, 74, 114, 16, 55, 45, 6, 73, 48],
[60, 32, 112, 6, 45, 73, 48, 26, 101, 88, 25, 41, 8, 119, 21, 57, 30, 54, 47, 51, 52, 118, 27, 29, 9],
[77, 0, 11, 46, 118, 67, 27, 94, 29, 5, 24, 117, 86, 10, 69, 43, 59, 89, 31, 33, 30, 22, 119],
[25, 41, 8, 22, 125, 91, 82, 93, 120, 0, 79, 37, 74, 23, 53, 14, 108, 87, 110, 68, 12, 78, 114, 2, 11],
[31, 30, 22, 8, 119, 21, 125, 91, 82, 93, 120, 0, 79, 2, 23, 53, 14, 61, 87, 110, 84, 68, 3, 78],
[39, 38, 52, 89, 42, 17, 98, 90, 43, 104, 105, 58, 63, 80, 81, 67, 11, 7, 93, 40, 50, 13],
[57, 8, 35, 123, 95, 82, 88, 39, 31, 89, 42, 113, 90, 43, 69, 109, 10, 117, 86, 24, 87, 110, 84, 56, 15],
[38, 39, 30, 54, 47, 51, 52, 122, 94, 29, 80, 66, 14, 100, 12, 56, 34, 68, 110, 87, 61, 106, 115, 3, 71],
[119, 21, 35, 125, 88, 101, 0, 79, 37, 23, 49, 124, 9, 63, 105, 104, 59, 89, 52, 31, 38],
[86, 24, 36, 9, 72, 49, 2, 79, 0, 26, 40, 95, 123, 125, 121, 88, 91, 25, 30, 54, 31, 51, 52, 118, 46],
[19, 20, 32, 112, 62, 16, 55, 99, 48, 26, 7, 101, 88, 125, 21, 119, 22, 41, 30, 54, 47, 31, 51, 38, 25],
[98, 43, 103, 28, 17, 89, 31, 38, 54, 51, 52, 122, 94, 29, 5, 24, 87, 110, 68, 34, 56, 15, 107],
[19, 20, 92, 126, 26, 11, 1, 118, 52, 89, 42, 17, 64, 111, 28, 98, 43, 109, 103, 18, 10],
[19, 76, 50, 116, 93, 88, 39, 31, 51, 89, 17, 64, 111, 103, 98, 43, 105, 63, 9, 70, 124, 72, 66, 80],
[80, 5, 9, 72, 74, 114, 16, 55, 6, 45, 73, 48, 97, 11, 77, 1, 118, 52, 51, 47, 31, 89, 59, 43, 90],
[6, 45, 60, 75, 19, 92, 83, 50, 40, 82, 88, 39, 31, 89, 42, 90, 43, 69, 18, 109, 4],
[117, 24, 87, 84, 110, 68, 34, 56, 12, 78, 114, 2, 79, 0, 120, 65, 116, 44, 82, 93, 101, 7, 40, 26, 11],
[55, 99, 73, 6, 60, 112, 62, 16, 114, 74, 49, 23, 53, 14, 100, 78, 71, 96, 3, 107, 15, 56, 12, 68],
[106, 87, 110, 68, 12, 3, 100, 14, 53, 66, 80, 63, 58, 105, 42, 113, 17, 98, 90, 43, 4, 10, 109],
[73, 48, 2, 97, 0, 120, 93, 44, 40, 50, 76, 92, 126, 26, 11, 1, 27, 52, 89, 42, 43, 69, 109, 10, 86],
[27, 67, 1, 77, 0, 7, 40, 65, 50, 83, 76, 92, 126, 48, 2, 37, 23, 53, 61, 102, 106, 14, 66, 49, 72],
[90, 59, 113, 43, 104, 42, 17, 89, 52, 118, 1, 11, 79, 48, 73, 6, 112, 62, 16, 114, 78, 100, 96, 3],
[96, 100, 12, 3, 71, 78, 114, 2, 11, 46, 39, 30, 57, 41, 33, 25, 88, 82, 44, 65, 40, 50, 92, 85, 76],
[77, 67, 1, 46, 39, 88, 91, 123, 35, 22, 8, 30, 38, 52, 122, 29, 80, 66, 53, 14, 106, 61, 102, 87, 110],
[99, 55, 6, 45, 32, 75, 60, 73, 48, 79, 11, 1, 118, 52, 89, 113, 90, 103, 98, 17, 59, 43, 104, 105, 63]]

\
Best Operator Route set string:
\
20-32-60-73-48-2-49-66-80-63-58-104-18-109*85-92-126-26-11-1-118-52-89-59-43-69-109*10-117-24-5-29-27-67-11-7-40-50-13*35-91-88-101-0-79-2-23-53-61-87-84-56-3-71-100-96*34-56-3-78-114-2-11-46-39-30-22-119*10-86-24-36-9-72-49-2-48-126-92-76*83-50-116-93-88-39-31-89-113-43-69-109*45-73-48-97-11-1-118-52-89-17-64-111*75-60-73-48-0-77-1-118-52-89-42-98*99-55-16-62-112-6-73-48-2-49-124-9-63-105-104-18-109*57-8-35-125-88-101-0-11-2-114-78-3-56-34-68*19-92-126-26-11-1-118-52-89-113-90-103*20-50-65-82-88-39-31-89-42-43-69-109*34-56-12-78-114-2-79-0-101-88-91-123-125-121-25-41-30-54-33*10-117-24-5-80-81-67-11-7-40-50-13*4-43-113-89-52-118-1-11-26-126-92-76*28-42-89-52-118-1-11-97-48-73-60-75*21-22-30-39-46-11-1-118-52-89-17-64-111*19-32-60-73-48-2-49-124-9-36-24-86-109*10-117-24-36-80-66-49-2-48-126-92-20*6-73-48-0-79-37-23-53-61-87-110-84-56-15-107-3-115-108-14-106*76-92-126-26-11-1-118-52-89-42-90-103*74-114-16-55-60-73-48-0-11-1-118-52-89-17-64-111*32-60-73-48-2-49-72-9-5-24-86-109*10-86-24-36-9-72-49-2-48-126-92-83*10-117-24-36-9-72-49-2-48-126-92-76*20-32-60-73-48-2-49-124-9-5-24-86*69-43-113-89-52-118-1-11-26-126-92-76*19-32-60-73-48-2-49-72-9-36-24-86*45-73-48-2-49-72-9-63-58-104-18-109*10-117-24-36-80-66-49-2-48-73-60-75*10-86-24-36-9-124-49-2-48-73-60-32*10-117-24-36-80-66-49-2-48-126-92-50-65-120-44*85-92-126-26-11-1-118-52-89-42-43-69-109*18-104-105-63-80-66-49-2-48-73-60-32-19*10-86-24-5-80-66-49-2-48-126-92-13*20-92-126-26-11-1-118-52-89-42-43-69-109*10-117-24-36-80-66-49-2-48-126-92-83*32-60-73-48-2-49-72-9-63-105-43-103*20-92-126-48-2-49-66-80-36-24-86-109*18-104-105-63-9-124-49-2-48-73-60-32-20*76-50-40-82-88-39-31-89-42-43-69-109*20-32-60-73-48-2-49-72-9-36-24-117*69-43-105-63-9-124-49-2-48-73-60-75*20-92-126-26-11-1-118-52-89-59-43-103*20-92-126-26-11-1-118-52-89-113-43-109*20-50-116-93-88-39-31-89-113-43-69-109*10-86-24-36-29-27-67-11-26-126-92-85*19-32-60-73-48-2-49-66-80-63-105-104-59-89-51-38-47-31-52-122-94-81-9-70*13-83-92-126-48-2-49-124-9-5-24-86*102-24-86-18-104-58-63-9-72-49-2-48-73-60-32-20*20-32-60-73-48-2-49-66-80-63-105-104-18-109*95-13-50-92-126-48-2-49-72-9-5-24-86*20-32-60-73-48-2-49-124-9-63-58-104-18-109*20-32-60-73-48-2-49-124-9-36-24-86-109*20-50-40-93-88-39-31-89-42-43-69-109*10-86-24-36-29-81-1-11-26-40-50-13*10-86-24-36-80-66-49-2-48-126-92-83*4-43-42-89-52-118-1-11-26-40-50-13*76-50-116-93-88-39-31-89-59-43-69-109*

\
Best Passenger Route set sting:
\
57-8-119-21-22-30-39-46-11-2-37-23-53-61-106-87-84-110-68-56-12-15*116-120-7-26-0-48-73-99-55-16-114-23-72-70-80-63-105-43-103-64-111-28-17-42*110-84-68-34-56-12-3-78-114-2-48-73-60-32-19*125-88-39-25-41-30-38-52-122-29-80-66-14-61-115-106-87-110-84-56-68*15-107-12-100-3-56-34-68-110-87-24-36-5-80-81-67-11-7-40-50-13*20-76-92-83-50-13-19-32-60-73-48-2-49-72-124-9-5-24-117-10-4*94-81-1-67-46-39-25-33-30-38-31-51-52-122-29-9-66-14-100-12-56-3-107*35-125-88-30-39-38-51-54-47-31-52-118-1-11-79-97-48-73-60-75-32-45-6-112-62*15-56-34-68-84-87-24-5-63-58-104-59-89-42-43-64-28-103-4-18-10-117-86-109*40-116-120-93-82-95-13-50-83-92-126-73-48-2-23-53-61-115-106-14-100-78-96-3*83-92-13-95-44-82-88-39-31-89-42-43-69-10-117-86*103-18-10-117-24-36-9-72-49-2-48-126-92-76-20*75-19-32-6-73-48-2-49-66-80-5-36-24-86-10-69-109-4-64-98-17-113-42-59-90*104-18-69-4-43-105-63-9-124-49-2-48-73-60-75*37-97-0-79-11-26-7-40-50-83-92-126-73-99-48-2-49-124-9-63-105-104-42-89-52*79-48-73-126-92-83-50-95-40-93-26-11-77-0-97-2-49-72-9-63-58-104-18-109-69*83-13-95-50-19-85-92-126-26-11-77-1-118-52-89-113-98-17-42-104-105-58-63-36-5*94-81-67-27-118-46-39-31-38-47-54-51-52-122-29-80-70-66-14-100-12-56-84-68-34*106-61-87-84-110-68-3-96-78-114-2-79-0-101-88-91-125-35-123-95-82-65-7-26*26-120-44-82-65-116-95-13-83-50-92-126-48-2-114-78-96-71-3-15-107-56-84-110*49-74-114-16-112-55-6-45-32-60-73-48-2-37-23-72-66-80-63-105-104-18-109*10-117-24-5-29-27-67-77-11-0-26-40-92-50-13-19*55-16-112-32-20-85-76-83-13-50-40-7-11-1-27-94-29-5-24-117-86-109-4*75-20-50-116-93-88-39-31-89-113-43-103-109-86-10-117-24*82-95-13-76-83-50-92-126-48-2-74-72-9-36-24-86-10-18-4-69-103-64-17*57-8-119-21-22-30-38-31-52-122-94-29-5-24-102-108-106-61-115-3-68-84-110-87*125-88-39-25-41-57-30-33-38-52-122-29-80-66-14-61-108-115-106-87-110-84-56*69-109-10-86-117-24-36-5-29-122-52-51-38-47-54-31-33-25-30*92-20-19-32-60-73-48-97-79-11-1-118-122-52-51-89-42-90-103-4-109-43-28-111-69*112-6-45-32-60-73-48-2-49-72-124-9-80-63-58-104-105-43-17-42-98-113-89*37-74-114-16-55-60-45-73-48-2-23-53-61-87-110-84-56-15-107-3-115-108-106-102-24*107-3-78-96-71-100-14-66-80-36-24-117-86-10-4-18-109*38-47-31-51-52-122-81-80-63-105-104-59-89-113-90-42-17-28-103-18-86-24-102-106-61*21-22-30-54-33-39-46-11-97-48-126-73-60-32-20-76-50-83*25-41-21-119-8-57-22-125-35-91-88-101-0-79-2-23-53-61-108-87-110-84-56-68*21-41-30-31-89-42-90-103-28-64-43-104-58-63-80-66-74-114-16-55-45-6-73-48*60-32-112-6-45-73-48-26-101-88-25-41-8-119-21-57-30-54-47-51-52-118-27-29-9*77-0-11-46-118-67-27-94-29-5-24-117-86-10-69-43-59-89-31-33-30-22-119*25-41-8-22-125-91-82-93-120-0-79-37-74-23-53-14-108-87-110-68-12-78-114-2-11*31-30-22-8-119-21-125-91-82-93-120-0-79-2-23-53-14-61-87-110-84-68-3-78*39-38-52-89-42-17-98-90-43-104-105-58-63-80-81-67-11-7-93-40-50-13*57-8-35-123-95-82-88-39-31-89-42-113-90-43-69-109-10-117-86-24-87-110-84-56-15*38-39-30-54-47-51-52-122-94-29-80-66-14-100-12-56-34-68-110-87-61-106-115-3-71*119-21-35-125-88-101-0-79-37-23-49-124-9-63-105-104-59-89-52-31-38*86-24-36-9-72-49-2-79-0-26-40-95-123-125-121-88-91-25-30-54-31-51-52-118-46*19-20-32-112-62-16-55-99-48-26-7-101-88-125-21-119-22-41-30-54-47-31-51-38-25*98-43-103-28-17-89-31-38-54-51-52-122-94-29-5-24-87-110-68-34-56-15-107*19-20-92-126-26-11-1-118-52-89-42-17-64-111-28-98-43-109-103-18-10*19-76-50-116-93-88-39-31-51-89-17-64-111-103-98-43-105-63-9-70-124-72-66-80*80-5-9-72-74-114-16-55-6-45-73-48-97-11-77-1-118-52-51-47-31-89-59-43-90*6-45-60-75-19-92-83-50-40-82-88-39-31-89-42-90-43-69-18-109-4*117-24-87-84-110-68-34-56-12-78-114-2-79-0-120-65-116-44-82-93-101-7-40-26-11*55-99-73-6-60-112-62-16-114-74-49-23-53-14-100-78-71-96-3-107-15-56-12-68*106-87-110-68-12-3-100-14-53-66-80-63-58-105-42-113-17-98-90-43-4-10-109*73-48-2-97-0-120-93-44-40-50-76-92-126-26-11-1-27-52-89-42-43-69-109-10-86*27-67-1-77-0-7-40-65-50-83-76-92-126-48-2-37-23-53-61-102-106-14-66-49-72*90-59-113-43-104-42-17-89-52-118-1-11-79-48-73-6-112-62-16-114-78-100-96-3*96-100-12-3-71-78-114-2-11-46-39-30-57-41-33-25-88-82-44-65-40-50-92-85-76*77-67-1-46-39-88-91-123-35-22-8-30-38-52-122-29-80-66-53-14-106-61-102-87-110*99-55-6-45-32-75-60-73-48-79-11-1-118-52-89-113-90-103-98-17-59-43-104-105-63*