12_5_Mumford3_GA_Obj_dis RESULTS EVALUATION:
\
HV:0.8163 | BM:0.0000

\
	Operator	Passenger
\
f1_ATT	38.0720		28.7754
\
f2_TRT	0		1
\
d_0	19.2055		42.0216
\
d_1	47.6412		55.5982
\
d_2	28.0493		2.3720
\
d_un	5.1040		0.0081

\
Best Operator Route set:
\
[[20, 32, 60, 73, 48, 2, 49, 66, 80, 63, 58, 104, 18, 109],
[85, 92, 126, 26, 11, 1, 118, 52, 89, 59, 43, 69, 109],
[10, 117, 24, 5, 29, 27, 67, 11, 7, 40, 50, 13],
[35, 91, 88, 101, 0, 79, 2, 23, 53, 61, 87, 84, 56, 3, 71, 100, 96],
[34, 56, 3, 78, 114, 2, 11, 46, 39, 30, 22, 119],
[10, 86, 24, 36, 9, 72, 49, 2, 48, 126, 92, 76],
[83, 50, 116, 93, 88, 39, 31, 89, 113, 43, 69, 109],
[45, 73, 48, 97, 11, 1, 118, 52, 89, 17, 64, 111],
[75, 60, 73, 48, 0, 77, 1, 118, 52, 89, 42, 98],
[99, 55, 16, 62, 112, 6, 73, 48, 2, 49, 124, 9, 63, 105, 104, 18, 109],
[57, 8, 35, 125, 88, 101, 0, 11, 1, 118, 52, 89, 17, 64, 111],
[19, 92, 126, 26, 11, 1, 118, 52, 89, 113, 90, 103],
[20, 50, 65, 82, 88, 39, 31, 89, 42, 43, 69, 109],
[34, 56, 12, 78, 114, 2, 79, 0, 101, 88, 91, 123, 125, 121, 25, 41, 30, 54, 33],
[10, 117, 24, 5, 80, 81, 67, 11, 7, 40, 50, 13],
[4, 43, 113, 89, 52, 118, 1, 11, 26, 126, 92, 76],
[28, 42, 89, 52, 118, 1, 11, 97, 48, 73, 60, 75],
[21, 22, 30, 39, 46, 11, 2, 114, 78, 3, 56, 34, 68],
[19, 32, 60, 73, 48, 2, 49, 124, 9, 36, 24, 86, 109],
[10, 117, 24, 36, 80, 66, 49, 2, 48, 126, 92, 20],
[6, 73, 48, 0, 11, 1, 118, 52, 89, 17, 64, 111],
[76, 92, 126, 26, 11, 1, 118, 52, 89, 42, 90, 103],
[74, 114, 16, 55, 60, 73, 48, 2, 49, 72, 9, 63, 58, 104, 18, 109],
[32, 60, 73, 48, 2, 49, 72, 9, 5, 24, 86, 109],
[10, 86, 24, 36, 9, 72, 49, 2, 48, 126, 92, 83],
[10, 117, 24, 36, 9, 72, 49, 2, 48, 126, 92, 76],
[20, 32, 60, 73, 48, 2, 49, 124, 9, 5, 24, 86],
[69, 43, 113, 89, 52, 118, 1, 11, 26, 40, 50, 13],
[19, 32, 60, 73, 48, 2, 49, 72, 9, 36, 24, 86],
[45, 73, 48, 0, 79, 37, 23, 53, 61, 87, 110, 84, 56, 15, 107, 3, 115, 108, 14, 106],
[10, 117, 24, 36, 80, 66, 49, 2, 48, 73, 60, 75],
[10, 86, 24, 36, 9, 124, 49, 2, 48, 73, 60, 32],
[10, 117, 24, 36, 80, 66, 49, 2, 48, 126, 92, 50, 65, 120, 44],
[85, 92, 126, 26, 11, 1, 118, 52, 89, 42, 43, 69, 109],
[18, 104, 105, 63, 80, 66, 49, 2, 48, 73, 60, 32, 19],
[10, 86, 24, 5, 80, 66, 49, 2, 48, 126, 92, 13],
[20, 92, 126, 26, 11, 1, 118, 52, 89, 42, 43, 69, 109],
[10, 117, 24, 36, 80, 66, 49, 2, 48, 126, 92, 83],
[32, 60, 73, 48, 2, 49, 72, 9, 63, 105, 43, 103],
[20, 92, 126, 48, 2, 49, 66, 80, 36, 24, 86, 109],
[18, 104, 105, 63, 9, 124, 49, 2, 48, 73, 60, 32, 20],
[76, 50, 40, 82, 88, 39, 31, 89, 42, 43, 69, 109],
[20, 32, 60, 73, 48, 2, 49, 72, 9, 36, 24, 117],
[69, 43, 105, 63, 9, 124, 49, 2, 48, 73, 60, 75],
[20, 92, 126, 26, 11, 1, 118, 52, 89, 59, 43, 103],
[20, 92, 126, 26, 11, 1, 118, 52, 89, 113, 43, 109],
[20, 50, 116, 93, 88, 39, 31, 89, 113, 43, 69, 109],
[10, 86, 24, 36, 29, 27, 67, 11, 26, 126, 92, 76],
[19, 32, 60, 73, 48, 2, 49, 66, 80, 63, 105, 104, 59, 89, 51, 38, 47, 31, 52, 122, 94, 81, 9, 70],
[13, 83, 92, 126, 48, 2, 49, 124, 9, 5, 24, 86],
[102, 24, 86, 18, 104, 58, 63, 9, 72, 49, 2, 48, 73, 60, 32, 20],
[20, 32, 60, 73, 48, 2, 49, 66, 80, 63, 105, 104, 18, 109],
[95, 13, 50, 92, 126, 48, 2, 49, 72, 9, 5, 24, 86],
[20, 32, 60, 73, 48, 2, 49, 124, 9, 63, 58, 104, 18, 109],
[20, 32, 60, 73, 48, 2, 49, 124, 9, 36, 24, 86, 109],
[20, 50, 40, 93, 88, 39, 31, 89, 42, 43, 69, 109],
[10, 86, 24, 36, 29, 81, 1, 11, 26, 40, 50, 13],
[10, 86, 24, 36, 80, 66, 49, 2, 48, 126, 92, 83],
[4, 43, 42, 89, 52, 118, 1, 11, 26, 126, 92, 85],
[76, 50, 116, 93, 88, 39, 31, 89, 59, 43, 69, 109]]

\
Best Passenger Route set:
\
[[106, 61, 87, 84, 110, 68, 3, 96, 78, 114, 2, 48, 73, 60, 32, 19],
[58, 105, 42, 90, 43, 69, 10, 86, 24, 36, 80, 66, 49, 2, 48, 126, 92, 85, 19, 13, 83, 50, 40, 7],
[8, 41, 21, 22, 30, 38, 31, 52, 122, 29, 5, 24, 102, 106, 14, 108, 61, 87, 84],
[30, 39, 38, 47, 54, 51, 52, 122, 29, 80, 66, 53, 14, 61, 108, 115, 106, 87, 102, 24, 36, 5, 9, 81, 94],
[57, 8, 35, 125, 88, 39, 31, 89, 59, 113, 43, 69, 109],
[20, 32, 112, 62, 16, 55, 99, 48, 26, 7, 101, 88, 125, 22, 119, 21, 41, 30, 54, 47, 31, 52, 38, 33],
[72, 74, 114, 78, 12, 15, 107, 3, 96, 71, 100, 14, 66, 80, 63, 105, 42, 113, 90, 59, 89, 31, 54, 38, 51],
[85, 19, 75, 20, 76, 83, 50, 40, 93, 88, 39, 31, 89, 42, 113, 90, 103, 64, 111, 69, 109, 43, 105, 104, 58],
[19, 32, 60, 73, 48, 2, 49, 66, 80, 63, 105, 104, 59, 89, 51, 38, 47, 31, 52, 122, 94, 81, 9, 70, 72],
[28, 17, 90, 98, 42, 43, 113, 89, 51, 38, 52, 27, 29, 80, 66, 14, 100, 71, 96, 78, 12, 15, 107, 3],
[5, 24, 87, 84, 68, 12, 107, 56, 15, 3, 71, 100, 14, 66, 80, 29, 94, 122, 52, 89, 59, 104, 105, 43, 17],
[110, 84, 68, 34, 56, 12, 3, 78, 114, 2, 79, 0, 7, 40, 95, 123, 125, 121, 91, 88, 25, 30, 54, 31, 51],
[20, 50, 83, 13, 19, 75, 60, 73, 48, 2, 49, 124, 66, 80, 36, 24, 86, 109, 69, 43, 105, 104, 59, 42, 17],
[116, 65, 50, 20, 75, 60, 73, 48, 2, 37, 23, 53, 14, 61, 108, 102, 24, 5, 36, 29, 94, 81, 80, 66, 72],
[69, 43, 105, 63, 9, 72, 23, 2, 48, 73, 60, 75],
[114, 78, 96, 71, 3, 15, 12, 100, 14, 53, 66, 80, 63, 58, 104, 59, 113, 42, 28, 64, 103, 18, 86, 117, 10],
[10, 86, 24, 36, 29, 94, 27, 67, 11, 0, 26, 40, 50, 92, 13],
[113, 42, 90, 17, 59, 89, 52, 118, 67, 1, 11, 79, 48, 73, 60, 75, 20, 32, 126, 92, 76, 50, 65, 116, 93],
[81, 67, 77, 0, 11, 97, 37, 2, 114, 16, 112, 6, 45, 73, 48, 26, 101, 88, 25, 41, 8, 119, 21, 22, 125],
[83, 50, 116, 93, 88, 39, 31, 89, 113, 43, 69, 109],
[83, 50, 13, 76, 19, 20, 92, 126, 26, 11, 46, 118, 52, 89, 17, 64, 111, 4, 43, 42, 28, 98, 90, 103],
[13, 19, 32, 60, 6, 73, 48, 97, 79, 11, 46, 39, 33, 30, 88, 121, 25, 38, 31, 51, 89, 52, 122, 118, 67],
[10, 117, 24, 36, 9, 72, 49, 2, 48, 126, 92, 76],
[32, 45, 6, 112, 62, 16, 114, 74, 37, 79, 11, 77, 1, 118, 52, 89, 17, 59, 43, 42, 105, 58, 63, 5],
[56, 68, 84, 110, 87, 102, 24, 86, 10, 109, 18, 4, 103, 43, 105, 58, 63, 80, 66, 74, 114, 16, 62],
[94, 29, 36, 5, 24, 117, 10, 109, 69, 103, 4, 43, 105, 63, 80, 9, 72, 49, 2, 48, 73, 6, 45, 55, 99],
[8, 21, 57, 30, 54, 51, 52, 118, 1, 77, 11, 2, 74, 114, 16, 62, 112, 55, 60, 32, 126, 73, 99, 48],
[20, 76, 50, 116, 93, 88, 101, 0, 79, 37, 23, 53, 61, 87, 110, 84, 56, 15, 107, 3, 115, 108, 14, 106],
[68, 34, 56, 3, 78, 114, 2, 49, 124, 9, 63, 36, 80, 66, 53, 14, 61, 115, 106, 108, 102],
[28, 43, 109, 86, 117, 24, 36, 5, 80, 66, 74, 23, 114, 16, 112, 60],
[107, 15, 56, 34, 68, 12, 3, 78, 114, 2, 97, 0, 101, 88, 91, 121, 125, 123, 95, 50, 116, 40, 26, 120, 7],
[57, 41, 33, 31, 89, 42, 90, 103, 28, 111, 64, 43, 104, 58, 63, 80, 66, 74, 114, 16, 55, 45, 6],
[99, 48, 97, 79, 11, 1, 118, 52, 89, 17, 28, 111, 64, 43, 105, 58, 63, 36, 24, 86, 117, 10, 18, 69],
[99, 55, 60, 112, 45, 73, 48, 0, 11, 77, 1, 118, 52, 51, 47, 31, 30, 88, 39, 46, 67, 27, 122, 94, 29],
[101, 120, 116, 44, 65, 7, 93, 40, 92, 13, 95, 82, 88, 39, 38, 31, 51, 89, 17, 64, 28, 98, 43, 113],
[95, 116, 44, 40, 92, 85, 20, 75, 19, 32, 60, 73, 48, 2, 23, 53, 14, 108, 87, 110, 84, 68, 34, 56],
[113, 59, 17, 98, 90, 103, 4, 18, 10, 86, 24, 36, 5, 80, 66, 49, 2, 48, 126, 92, 83, 13, 50, 20, 85],
[35, 91, 88, 101, 0, 79, 2, 23, 53, 61, 87, 84, 56, 3, 71, 100, 96],
[85, 20, 32, 126, 92, 83, 13, 50, 40, 82, 88, 39, 31, 51, 89, 59, 104, 18, 10, 109, 4, 69, 103, 111, 64],
[10, 117, 24, 5, 29, 27, 67, 11, 7, 40, 50, 13],
[75, 32, 20, 19, 85, 92, 83, 50, 65, 82, 88, 39, 31, 89, 17, 64, 111],
[69, 43, 105, 63, 9, 124, 49, 2, 79, 0, 101, 88, 91, 125, 35, 123, 95, 82, 44, 93, 120, 7],
[84, 56, 68, 12, 107, 15, 3, 71, 96, 78, 114, 2, 79, 0, 101, 88, 121, 125, 35, 123, 91, 82, 93, 26, 7],
[97, 48, 26, 101, 116, 65, 93, 40, 82, 44, 120, 0, 79, 2, 49, 124, 9, 63, 105, 104, 18, 10, 117, 24, 5],
[20, 32, 60, 73, 48, 2, 49, 72, 70, 9, 80, 5, 36, 63, 58, 104, 59, 43],
[20, 75, 85, 19, 32, 60, 73, 48, 2, 49, 124, 70, 9, 80, 63, 58, 104, 43, 113, 89, 17, 64, 4, 10, 117],
[10, 86, 117, 18, 4, 64, 103, 98, 17, 89, 52, 118, 1, 11, 79, 97, 48, 73, 60, 32, 6, 45, 55, 16, 62],
[41, 8, 119, 21, 22, 30, 39, 46, 11, 2, 37, 23, 53, 61, 106, 87, 84, 110, 68, 34, 56, 12, 15, 107],
[44, 116, 65, 120, 93, 7, 26, 40, 92, 83, 50, 20, 32, 60, 73, 48, 2, 49, 124, 70, 80, 63, 58, 104, 59],
[107, 15, 3, 78, 114, 2, 79, 11, 46, 39, 33, 30, 88, 121, 25, 38, 31, 51, 52, 27, 122, 118, 1, 67],
[45, 6, 73, 48, 0, 11, 1, 118, 52, 89, 42, 43, 69, 109, 86, 117, 24, 102, 106, 14],
[34, 68, 110, 87, 61, 14, 53, 23, 37, 79, 0, 26, 40, 95, 123, 35, 8, 41, 25, 30],
[10, 86, 24, 36, 29, 81, 1, 11, 26, 126, 92, 76],
[68, 34, 56, 3, 71, 100, 14, 53, 66, 80, 63, 105, 43, 90, 17, 113, 89],
[81, 94, 29, 5, 58, 104, 18, 117, 10, 69, 43, 113, 42, 89, 51, 38, 25, 91, 123, 95, 50, 83, 92, 76],
[55, 112, 32, 75, 19, 76, 92, 126, 26, 11, 1, 118, 52, 89, 113, 43, 69, 109, 10],
[86, 10, 109, 43, 17, 98, 113, 59, 89, 31, 47, 51, 52, 122, 29, 9, 70, 66, 14, 100, 3, 107, 56, 12],
[54, 30, 22, 8, 119, 21, 125, 91, 82, 93, 120, 0, 79, 2, 23, 53, 14, 61, 87, 110, 84, 68, 3, 78, 96],
[103, 4, 43, 113, 89, 52, 118, 1, 11, 26, 40, 95, 123, 125, 121, 88, 91, 25, 39, 31, 51],
[68, 34, 56, 12, 100, 78, 114, 2, 79, 0, 26, 40, 50, 13]]

\
Best Operator Route set string:
\
20-32-60-73-48-2-49-66-80-63-58-104-18-109*85-92-126-26-11-1-118-52-89-59-43-69-109*10-117-24-5-29-27-67-11-7-40-50-13*35-91-88-101-0-79-2-23-53-61-87-84-56-3-71-100-96*34-56-3-78-114-2-11-46-39-30-22-119*10-86-24-36-9-72-49-2-48-126-92-76*83-50-116-93-88-39-31-89-113-43-69-109*45-73-48-97-11-1-118-52-89-17-64-111*75-60-73-48-0-77-1-118-52-89-42-98*99-55-16-62-112-6-73-48-2-49-124-9-63-105-104-18-109*57-8-35-125-88-101-0-11-1-118-52-89-17-64-111*19-92-126-26-11-1-118-52-89-113-90-103*20-50-65-82-88-39-31-89-42-43-69-109*34-56-12-78-114-2-79-0-101-88-91-123-125-121-25-41-30-54-33*10-117-24-5-80-81-67-11-7-40-50-13*4-43-113-89-52-118-1-11-26-126-92-76*28-42-89-52-118-1-11-97-48-73-60-75*21-22-30-39-46-11-2-114-78-3-56-34-68*19-32-60-73-48-2-49-124-9-36-24-86-109*10-117-24-36-80-66-49-2-48-126-92-20*6-73-48-0-11-1-118-52-89-17-64-111*76-92-126-26-11-1-118-52-89-42-90-103*74-114-16-55-60-73-48-2-49-72-9-63-58-104-18-109*32-60-73-48-2-49-72-9-5-24-86-109*10-86-24-36-9-72-49-2-48-126-92-83*10-117-24-36-9-72-49-2-48-126-92-76*20-32-60-73-48-2-49-124-9-5-24-86*69-43-113-89-52-118-1-11-26-40-50-13*19-32-60-73-48-2-49-72-9-36-24-86*45-73-48-0-79-37-23-53-61-87-110-84-56-15-107-3-115-108-14-106*10-117-24-36-80-66-49-2-48-73-60-75*10-86-24-36-9-124-49-2-48-73-60-32*10-117-24-36-80-66-49-2-48-126-92-50-65-120-44*85-92-126-26-11-1-118-52-89-42-43-69-109*18-104-105-63-80-66-49-2-48-73-60-32-19*10-86-24-5-80-66-49-2-48-126-92-13*20-92-126-26-11-1-118-52-89-42-43-69-109*10-117-24-36-80-66-49-2-48-126-92-83*32-60-73-48-2-49-72-9-63-105-43-103*20-92-126-48-2-49-66-80-36-24-86-109*18-104-105-63-9-124-49-2-48-73-60-32-20*76-50-40-82-88-39-31-89-42-43-69-109*20-32-60-73-48-2-49-72-9-36-24-117*69-43-105-63-9-124-49-2-48-73-60-75*20-92-126-26-11-1-118-52-89-59-43-103*20-92-126-26-11-1-118-52-89-113-43-109*20-50-116-93-88-39-31-89-113-43-69-109*10-86-24-36-29-27-67-11-26-126-92-76*19-32-60-73-48-2-49-66-80-63-105-104-59-89-51-38-47-31-52-122-94-81-9-70*13-83-92-126-48-2-49-124-9-5-24-86*102-24-86-18-104-58-63-9-72-49-2-48-73-60-32-20*20-32-60-73-48-2-49-66-80-63-105-104-18-109*95-13-50-92-126-48-2-49-72-9-5-24-86*20-32-60-73-48-2-49-124-9-63-58-104-18-109*20-32-60-73-48-2-49-124-9-36-24-86-109*20-50-40-93-88-39-31-89-42-43-69-109*10-86-24-36-29-81-1-11-26-40-50-13*10-86-24-36-80-66-49-2-48-126-92-83*4-43-42-89-52-118-1-11-26-126-92-85*76-50-116-93-88-39-31-89-59-43-69-109*

\
Best Passenger Route set sting:
\
106-61-87-84-110-68-3-96-78-114-2-48-73-60-32-19*58-105-42-90-43-69-10-86-24-36-80-66-49-2-48-126-92-85-19-13-83-50-40-7*8-41-21-22-30-38-31-52-122-29-5-24-102-106-14-108-61-87-84*30-39-38-47-54-51-52-122-29-80-66-53-14-61-108-115-106-87-102-24-36-5-9-81-94*57-8-35-125-88-39-31-89-59-113-43-69-109*20-32-112-62-16-55-99-48-26-7-101-88-125-22-119-21-41-30-54-47-31-52-38-33*72-74-114-78-12-15-107-3-96-71-100-14-66-80-63-105-42-113-90-59-89-31-54-38-51*85-19-75-20-76-83-50-40-93-88-39-31-89-42-113-90-103-64-111-69-109-43-105-104-58*19-32-60-73-48-2-49-66-80-63-105-104-59-89-51-38-47-31-52-122-94-81-9-70-72*28-17-90-98-42-43-113-89-51-38-52-27-29-80-66-14-100-71-96-78-12-15-107-3*5-24-87-84-68-12-107-56-15-3-71-100-14-66-80-29-94-122-52-89-59-104-105-43-17*110-84-68-34-56-12-3-78-114-2-79-0-7-40-95-123-125-121-91-88-25-30-54-31-51*20-50-83-13-19-75-60-73-48-2-49-124-66-80-36-24-86-109-69-43-105-104-59-42-17*116-65-50-20-75-60-73-48-2-37-23-53-14-61-108-102-24-5-36-29-94-81-80-66-72*69-43-105-63-9-72-23-2-48-73-60-75*114-78-96-71-3-15-12-100-14-53-66-80-63-58-104-59-113-42-28-64-103-18-86-117-10*10-86-24-36-29-94-27-67-11-0-26-40-50-92-13*113-42-90-17-59-89-52-118-67-1-11-79-48-73-60-75-20-32-126-92-76-50-65-116-93*81-67-77-0-11-97-37-2-114-16-112-6-45-73-48-26-101-88-25-41-8-119-21-22-125*83-50-116-93-88-39-31-89-113-43-69-109*83-50-13-76-19-20-92-126-26-11-46-118-52-89-17-64-111-4-43-42-28-98-90-103*13-19-32-60-6-73-48-97-79-11-46-39-33-30-88-121-25-38-31-51-89-52-122-118-67*10-117-24-36-9-72-49-2-48-126-92-76*32-45-6-112-62-16-114-74-37-79-11-77-1-118-52-89-17-59-43-42-105-58-63-5*56-68-84-110-87-102-24-86-10-109-18-4-103-43-105-58-63-80-66-74-114-16-62*94-29-36-5-24-117-10-109-69-103-4-43-105-63-80-9-72-49-2-48-73-6-45-55-99*8-21-57-30-54-51-52-118-1-77-11-2-74-114-16-62-112-55-60-32-126-73-99-48*20-76-50-116-93-88-101-0-79-37-23-53-61-87-110-84-56-15-107-3-115-108-14-106*68-34-56-3-78-114-2-49-124-9-63-36-80-66-53-14-61-115-106-108-102*28-43-109-86-117-24-36-5-80-66-74-23-114-16-112-60*107-15-56-34-68-12-3-78-114-2-97-0-101-88-91-121-125-123-95-50-116-40-26-120-7*57-41-33-31-89-42-90-103-28-111-64-43-104-58-63-80-66-74-114-16-55-45-6*99-48-97-79-11-1-118-52-89-17-28-111-64-43-105-58-63-36-24-86-117-10-18-69*99-55-60-112-45-73-48-0-11-77-1-118-52-51-47-31-30-88-39-46-67-27-122-94-29*101-120-116-44-65-7-93-40-92-13-95-82-88-39-38-31-51-89-17-64-28-98-43-113*95-116-44-40-92-85-20-75-19-32-60-73-48-2-23-53-14-108-87-110-84-68-34-56*113-59-17-98-90-103-4-18-10-86-24-36-5-80-66-49-2-48-126-92-83-13-50-20-85*35-91-88-101-0-79-2-23-53-61-87-84-56-3-71-100-96*85-20-32-126-92-83-13-50-40-82-88-39-31-51-89-59-104-18-10-109-4-69-103-111-64*10-117-24-5-29-27-67-11-7-40-50-13*75-32-20-19-85-92-83-50-65-82-88-39-31-89-17-64-111*69-43-105-63-9-124-49-2-79-0-101-88-91-125-35-123-95-82-44-93-120-7*84-56-68-12-107-15-3-71-96-78-114-2-79-0-101-88-121-125-35-123-91-82-93-26-7*97-48-26-101-116-65-93-40-82-44-120-0-79-2-49-124-9-63-105-104-18-10-117-24-5*20-32-60-73-48-2-49-72-70-9-80-5-36-63-58-104-59-43*20-75-85-19-32-60-73-48-2-49-124-70-9-80-63-58-104-43-113-89-17-64-4-10-117*10-86-117-18-4-64-103-98-17-89-52-118-1-11-79-97-48-73-60-32-6-45-55-16-62*41-8-119-21-22-30-39-46-11-2-37-23-53-61-106-87-84-110-68-34-56-12-15-107*44-116-65-120-93-7-26-40-92-83-50-20-32-60-73-48-2-49-124-70-80-63-58-104-59*107-15-3-78-114-2-79-11-46-39-33-30-88-121-25-38-31-51-52-27-122-118-1-67*45-6-73-48-0-11-1-118-52-89-42-43-69-109-86-117-24-102-106-14*34-68-110-87-61-14-53-23-37-79-0-26-40-95-123-35-8-41-25-30*10-86-24-36-29-81-1-11-26-126-92-76*68-34-56-3-71-100-14-53-66-80-63-105-43-90-17-113-89*81-94-29-5-58-104-18-117-10-69-43-113-42-89-51-38-25-91-123-95-50-83-92-76*55-112-32-75-19-76-92-126-26-11-1-118-52-89-113-43-69-109-10*86-10-109-43-17-98-113-59-89-31-47-51-52-122-29-9-70-66-14-100-3-107-56-12*54-30-22-8-119-21-125-91-82-93-120-0-79-2-23-53-14-61-87-110-84-68-3-78-96*103-4-43-113-89-52-118-1-11-26-40-95-123-125-121-88-91-25-39-31-51*68-34-56-12-100-78-114-2-79-0-26-40-50-13*