12_2_Mumford0_GA_Obj_dis RESULTS EVALUATION:
\
HV:0.9329 | BM:0.0000

\
	Operator	Passenger
\
f1_ATT	20.1033		14.2741
\
f2_TRT	0		1
\
d_0	39.0841		83.9549
\
d_1	48.6644		16.0451
\
d_2	12.2516		0.0000
\
d_un	0.0000		0.0000

\
Best Operator Route set:
\
[[4, 1, 3, 11, 17, 22, 18, 19],
[1, 14, 20],
[26, 8, 12, 0, 28, 16, 27, 29, 10, 21],
[5, 15, 2, 7, 20, 23, 3],
[23, 14, 11, 17, 22, 0, 13, 6, 5],
[2, 7, 4],
[9, 14, 7, 10, 21],
[5, 6],
[8, 26],
[1, 24, 7, 16, 6, 13, 18, 19],
[24, 14, 11, 25, 28],
[29, 15]]

\
Best Passenger Route set:
\
[[5, 15, 2, 7, 20, 23, 3, 4, 24, 14, 11, 17, 12, 8, 26],
[5, 6, 13, 0, 18, 22, 17, 11, 3, 1, 9, 14, 7, 27, 29],
[9, 3, 11, 25, 0, 26, 8, 12, 18, 13, 6, 10, 15, 27, 7],
[23, 14, 11, 17, 22, 0, 13, 6, 21, 10, 7, 24, 3, 1, 9],
[5, 21, 15, 16, 28, 25, 22, 12, 17, 11, 14, 20, 7, 10, 2],
[20, 4, 3, 9, 23, 14, 7, 16, 6, 5, 21, 10, 27, 2],
[26, 0, 28, 16, 10, 15, 6, 2, 29, 27, 7, 25, 22, 19, 8],
[8, 12, 19, 17, 11, 3, 1, 23, 24, 20, 7, 25, 22, 18, 13],
[10, 21, 2, 16, 28, 17, 19, 12, 18, 0, 25, 7, 20, 14, 23],
[14, 3, 1, 24, 7, 16, 6, 5, 21, 10],
[5, 15, 29, 2, 6, 13, 18, 0, 28, 7, 4, 1, 14, 20],
[8, 12, 17, 28, 16, 27, 29, 10, 21, 6, 13, 18, 19, 0, 26]]

\
Best Operator Route set string:
\
4-1-3-11-17-22-18-19*1-14-20*26-8-12-0-28-16-27-29-10-21*5-15-2-7-20-23-3*23-14-11-17-22-0-13-6-5*2-7-4*9-14-7-10-21*5-6*8-26*1-24-7-16-6-13-18-19*24-14-11-25-28*29-15*

\
Best Passenger Route set sting:
\
5-15-2-7-20-23-3-4-24-14-11-17-12-8-26*5-6-13-0-18-22-17-11-3-1-9-14-7-27-29*9-3-11-25-0-26-8-12-18-13-6-10-15-27-7*23-14-11-17-22-0-13-6-21-10-7-24-3-1-9*5-21-15-16-28-25-22-12-17-11-14-20-7-10-2*20-4-3-9-23-14-7-16-6-5-21-10-27-2*26-0-28-16-10-15-6-2-29-27-7-25-22-19-8*8-12-19-17-11-3-1-23-24-20-7-25-22-18-13*10-21-2-16-28-17-19-12-18-0-25-7-20-14-23*14-3-1-24-7-16-6-5-21-10*5-15-29-2-6-13-18-0-28-7-4-1-14-20*8-12-17-28-16-27-29-10-21-6-13-18-19-0-26*