12_4_Mumford2_GA_Obj_dis RESULTS EVALUATION:
\
HV:0.8368 | BM:0.0000

\
	Operator	Passenger
\
f1_ATT	31.6301		25.7531
\
f2_TRT	0		1
\
d_0	21.8468		47.8537
\
d_1	54.6573		51.5640
\
d_2	20.5514		0.5823
\
d_un	2.9446		0.0000

\
Best Operator Route set:
\
[[17, 39, 55, 45, 53, 90, 49, 52, 89, 106],
[4, 36, 72, 92, 18, 15, 83, 94, 27, 17, 75],
[29, 26, 44, 92, 67, 93, 35, 8, 62, 103],
[58, 38, 63, 2, 15, 3, 19, 33, 99, 69],
[13, 28, 86, 24, 19, 82, 44, 48, 107, 77],
[30, 43, 72, 79, 64, 89, 52, 10, 70, 104],
[20, 95, 27, 105, 83, 34, 18, 92, 64, 96],
[5, 42, 89, 52, 91, 90, 53, 38, 87, 56, 61],
[69, 99, 33, 19, 85, 94, 101, 55, 80, 97],
[13, 50, 65, 39, 55, 63, 12, 103, 70, 104],
[40, 57, 106, 73, 79, 72, 44, 82, 99, 76],
[41, 103, 62, 8, 35, 15, 54, 24, 102, 71, 86, 81],
[68, 59, 27, 105, 83, 34, 18, 92, 64, 109],
[13, 32, 27, 94, 83, 15, 18, 92, 72, 108],
[25, 70, 103, 12, 63, 55, 101, 27, 21, 28, 46],
[37, 7, 103, 12, 63, 55, 39, 17, 95, 68],
[47, 12, 8, 35, 34, 3, 19, 33, 99, 69],
[1, 87, 45, 2, 15, 18, 92, 72, 43, 29],
[69, 99, 33, 19, 3, 83, 105, 27, 95, 50],
[78, 39, 55, 63, 53, 90, 91, 52, 89, 96],
[14, 99, 82, 44, 72, 79, 73, 106, 57, 40],
[0, 87, 45, 2, 15, 18, 92, 48, 107, 77],
[29, 26, 44, 92, 18, 34, 83, 105, 27, 95, 20],
[41, 103, 62, 8, 35, 15, 54, 24, 102, 88, 31],
[16, 12, 8, 35, 93, 67, 92, 72, 108, 4],
[13, 50, 17, 39, 55, 63, 12, 103, 70, 84, 7, 52, 100],
[23, 9, 93, 98, 3, 22, 66, 6, 86, 51, 102, 24, 54, 34, 35, 8, 63, 55, 39, 78],
[4, 36, 72, 79, 11, 89, 52, 10, 70, 41],
[13, 50, 17, 39, 55, 63, 12, 103, 70, 41],
[5, 42, 89, 52, 49, 90, 8, 62, 103, 70],
[20, 95, 27, 105, 83, 15, 18, 92, 72, 36],
[5, 42, 89, 52, 49, 90, 8, 63, 55, 39, 17, 50],
[13, 32, 27, 94, 83, 35, 49, 52, 89, 106],
[0, 87, 55, 101, 94, 85, 19, 82, 26, 29],
[57, 10, 52, 49, 90, 53, 63, 55, 39, 65],
[4, 36, 72, 92, 18, 34, 83, 105, 27, 59],
[61, 0, 80, 38, 53, 90, 49, 52, 89, 73],
[5, 42, 89, 52, 91, 8, 63, 55, 39, 65],
[68, 95, 27, 94, 83, 34, 18, 92, 72, 108, 4],
[17, 39, 55, 63, 8, 90, 49, 52, 89, 42],
[11, 89, 52, 91, 8, 63, 55, 39, 65, 50],
[1, 87, 38, 53, 90, 49, 52, 89, 64, 36],
[5, 42, 89, 52, 91, 90, 53, 45, 55, 39],
[5, 11, 89, 52, 49, 90, 8, 63, 55, 39],
[36, 72, 92, 18, 15, 83, 2, 63, 38, 74],
[11, 89, 52, 49, 90, 53, 38, 80, 0, 61],
[17, 39, 55, 63, 8, 90, 49, 52, 89, 106],
[5, 11, 64, 92, 18, 34, 83, 94, 27, 32],
[4, 36, 72, 92, 18, 34, 83, 94, 27, 95, 68],
[5, 11, 89, 52, 49, 90, 53, 38, 87, 56],
[11, 89, 52, 49, 8, 63, 55, 39, 17, 75],
[5, 11, 64, 92, 67, 93, 35, 8, 12, 60],
[50, 17, 39, 55, 63, 8, 91, 52, 89, 109],
[5, 42, 89, 52, 91, 8, 63, 55, 39, 78],
[30, 43, 72, 92, 18, 15, 83, 94, 27, 59, 68],
[75, 17, 39, 55, 63, 53, 90, 49, 52, 89, 106]]

\
Best Passenger Route set:
\
[[13, 50, 95, 20, 32, 27, 94, 83, 15, 66, 34, 18, 92, 67],
[36, 72, 108, 5, 42, 96, 64, 92, 18, 15, 83, 105, 27, 95, 50, 20, 17],
[4, 36, 72, 92, 18, 98, 67, 100, 52, 10, 40, 37, 25, 70, 41, 47, 103, 12],
[95, 17, 39, 55, 80, 38, 74, 41, 70, 10, 52, 89, 64, 79, 48, 72, 43, 29],
[5, 11, 89, 52, 91, 90, 62, 53, 38, 87, 56, 65, 78, 17, 20],
[72, 108, 36, 64, 96, 89, 42, 57, 37, 10, 52, 100, 18, 9, 19, 102, 88, 71],
[61, 1, 0, 87, 55, 101, 94, 85, 19, 33, 99, 69, 14, 102, 51, 46, 28, 21, 32, 95, 20],
[13, 50, 65, 39, 78, 95, 68, 21, 28, 59, 27, 101, 55, 63, 12, 103, 70, 84, 104, 7, 49, 90],
[29, 43, 30, 26, 82, 19, 85, 94, 27, 95, 50, 75, 17],
[107, 36, 108, 48, 44, 82, 33, 14, 69, 43, 30, 26, 72, 79, 64, 89, 52, 10, 70, 25],
[46, 28, 59, 95, 17, 39, 56, 87, 55, 45, 2, 15, 18, 92, 64, 36, 107, 77],
[50, 75, 20, 95, 59, 28, 21, 27, 105, 83, 15, 35, 49, 7, 52, 100, 67, 93, 18, 3, 66, 85],
[60, 58, 80, 38, 63, 2, 83, 3, 19, 33, 76],
[65, 56, 17, 32, 50, 95, 27, 94, 83, 34, 93, 100, 52, 10, 40, 57, 7, 25, 70, 41, 16],
[20, 32, 59, 21, 68, 17, 65, 56, 1, 0, 87, 45, 2, 15, 34, 18, 92, 44, 26, 43, 29],
[104, 7, 57, 10, 52, 91, 90, 8, 63, 55, 39, 17, 95, 68, 20, 50, 65, 56, 87, 80, 38, 53],
[62, 47, 58, 60, 41, 12, 63, 2, 15, 54, 85, 24, 102, 88, 71, 31, 22, 66, 93, 3, 81, 94],
[97, 87, 55, 39, 78, 65, 50, 17, 27, 101, 94, 105, 83, 34, 18, 92, 64, 79, 36, 107, 77],
[76, 14, 99, 82, 44, 72, 79, 73, 106, 57, 40, 37, 7, 49],
[10, 40, 57, 37, 104, 84, 25, 7, 103, 62, 53, 63, 55, 39, 17, 50, 75, 20, 95, 68, 59, 27],
[61, 1, 87, 45, 2, 15, 18, 92, 48, 108, 4, 36],
[79, 108, 107, 77, 5, 42, 106, 89, 52, 91, 90, 53, 38, 80, 0, 61],
[30, 43, 29, 26, 82, 19, 85, 94, 105, 27, 59, 68, 95, 17, 75, 50, 13, 32],
[83, 94, 101, 27, 17, 20, 68, 95, 78, 39, 55, 63, 8, 49, 52, 89, 73, 64, 36, 108, 107, 77],
[86, 28, 21, 13, 32, 27, 105, 83, 35, 49, 52, 89, 73, 42, 96, 64, 11, 79, 108],
[90, 49, 91, 35, 2, 83, 3, 67, 92, 44, 26, 29, 30, 43, 72, 79, 73, 89, 52, 7, 25, 104],
[65, 0, 80, 38, 63, 8, 91, 100, 52, 89, 64, 36, 108, 48, 107, 4, 77, 5, 42, 57],
[69, 99, 14, 31, 22, 54, 15, 2, 45, 63, 38, 58, 74, 16, 12, 8, 53, 62, 91, 49],
[77, 5, 108, 4, 107, 36, 64, 89, 52, 49, 90, 8, 63, 38, 58, 97, 80, 0, 1, 87, 39, 55],
[51, 88, 71, 86, 28, 21, 27, 101, 55, 38, 74, 60, 47, 12, 63, 45, 80],
[20, 17, 56, 61, 0, 1, 87, 45, 53, 8, 90, 91, 52, 89, 109, 64, 79, 72, 36, 4, 77, 107],
[69, 76, 102, 51, 86, 28, 21, 27, 101, 55, 63, 53, 62, 47, 16, 12, 41, 7, 40, 10],
[50, 17, 32, 13, 28, 86, 24, 19, 82, 44, 48, 107, 77, 4],
[17, 50, 95, 59, 28, 86, 51, 102, 19, 9, 92, 64, 96, 11, 89, 106, 57, 40, 37, 84, 7, 10],
[5, 107, 108, 36, 64, 89, 52, 49, 90, 62, 12, 38, 87, 56, 0, 61, 65, 39, 55, 63, 2, 15],
[16, 41, 104, 84, 7, 52, 100, 18, 9, 23, 82, 99, 69, 76, 33, 19, 22, 24, 54, 3, 15, 83],
[32, 68, 50, 65, 39, 55, 63, 12, 103, 70, 25, 104],
[84, 7, 70, 16, 74, 38, 63, 45, 2, 34, 3, 19, 82, 26, 29],
[81, 6, 54, 24, 102, 88, 31, 23, 9, 18, 34, 83, 94, 27, 95, 20, 50],
[104, 37, 40, 10, 52, 100, 93, 3, 85, 6, 86, 46, 21, 32, 20, 17, 78, 0, 39, 65],
[5, 36, 48, 44, 82, 33, 31, 102, 51, 86, 81, 94, 85, 54, 22, 19, 9, 3, 66],
[47, 12, 63, 45, 2, 15, 3, 22, 19, 33, 99, 69, 30, 43, 72, 92, 9, 23, 31],
[37, 57, 106, 73, 11, 64, 92, 18, 66, 54, 85, 6, 86, 28, 46, 51, 31, 33, 99, 69, 43, 29],
[84, 70, 25, 7, 37, 40, 10, 52, 49, 91, 90, 62, 103, 47, 58, 97, 0, 65, 56, 39, 17, 27],
[4, 36, 72, 92, 18, 15, 83, 94, 27, 17, 75],
[36, 107, 48, 72, 44, 30, 43, 26, 82, 19, 22, 6, 81, 94, 105, 27, 95, 20, 75, 68, 32],
[97, 1, 87, 38, 63, 8, 90, 91, 49, 52, 89, 109, 64, 73, 79, 48, 92, 72, 44, 82, 99, 69],
[42, 5, 11, 106, 57, 10, 40, 7, 49, 90, 91, 35, 15, 83, 94, 27, 59, 68, 20, 50, 17, 78],
[47, 74, 58, 97, 87, 56, 65, 17, 27, 105, 94, 85, 22, 31, 76, 14, 33, 19, 23, 82, 44, 43],
[26, 82, 99, 76, 33, 23, 9, 18, 98, 67, 100, 91, 49, 7, 25, 70, 103, 12, 38, 80, 97],
[43, 30, 26, 44, 92, 67, 98, 93, 35, 8, 53, 12, 74, 58, 97, 0, 39, 17, 95, 20, 68, 13],
[29, 30, 43, 44, 92, 18, 98, 93, 35, 8, 62, 12, 60, 47, 103, 7, 104, 10, 25, 40, 57, 42],
[16, 41, 103, 62, 8, 35, 15, 54, 24, 102, 71, 86, 81, 105, 94, 6],
[52, 89, 96, 64, 79, 108, 107, 4, 36, 72, 44, 82, 19, 24, 86, 21, 59, 27, 94, 2, 83, 15],
[81, 94, 2, 63, 12, 103, 7, 37, 57, 40, 10, 52, 100, 67, 18, 9, 23, 31, 51, 71, 102, 19],
[1, 61, 56, 87, 38, 53, 90, 49, 52, 89, 11, 64, 36, 107, 108, 72, 43, 69, 30, 29, 26]]

\
Best Operator Route set string:
\
17-39-55-45-53-90-49-52-89-106*4-36-72-92-18-15-83-94-27-17-75*29-26-44-92-67-93-35-8-62-103*58-38-63-2-15-3-19-33-99-69*13-28-86-24-19-82-44-48-107-77*30-43-72-79-64-89-52-10-70-104*20-95-27-105-83-34-18-92-64-96*5-42-89-52-91-90-53-38-87-56-61*69-99-33-19-85-94-101-55-80-97*13-50-65-39-55-63-12-103-70-104*40-57-106-73-79-72-44-82-99-76*41-103-62-8-35-15-54-24-102-71-86-81*68-59-27-105-83-34-18-92-64-109*13-32-27-94-83-15-18-92-72-108*25-70-103-12-63-55-101-27-21-28-46*37-7-103-12-63-55-39-17-95-68*47-12-8-35-34-3-19-33-99-69*1-87-45-2-15-18-92-72-43-29*69-99-33-19-3-83-105-27-95-50*78-39-55-63-53-90-91-52-89-96*14-99-82-44-72-79-73-106-57-40*0-87-45-2-15-18-92-48-107-77*29-26-44-92-18-34-83-105-27-95-20*41-103-62-8-35-15-54-24-102-88-31*16-12-8-35-93-67-92-72-108-4*13-50-17-39-55-63-12-103-70-84-7-52-100*23-9-93-98-3-22-66-6-86-51-102-24-54-34-35-8-63-55-39-78*4-36-72-79-11-89-52-10-70-41*13-50-17-39-55-63-12-103-70-41*5-42-89-52-49-90-8-62-103-70*20-95-27-105-83-15-18-92-72-36*5-42-89-52-49-90-8-63-55-39-17-50*13-32-27-94-83-35-49-52-89-106*0-87-55-101-94-85-19-82-26-29*57-10-52-49-90-53-63-55-39-65*4-36-72-92-18-34-83-105-27-59*61-0-80-38-53-90-49-52-89-73*5-42-89-52-91-8-63-55-39-65*68-95-27-94-83-34-18-92-72-108-4*17-39-55-63-8-90-49-52-89-42*11-89-52-91-8-63-55-39-65-50*1-87-38-53-90-49-52-89-64-36*5-42-89-52-91-90-53-45-55-39*5-11-89-52-49-90-8-63-55-39*36-72-92-18-15-83-2-63-38-74*11-89-52-49-90-53-38-80-0-61*17-39-55-63-8-90-49-52-89-106*5-11-64-92-18-34-83-94-27-32*4-36-72-92-18-34-83-94-27-95-68*5-11-89-52-49-90-53-38-87-56*11-89-52-49-8-63-55-39-17-75*5-11-64-92-67-93-35-8-12-60*50-17-39-55-63-8-91-52-89-109*5-42-89-52-91-8-63-55-39-78*30-43-72-92-18-15-83-94-27-59-68*75-17-39-55-63-53-90-49-52-89-106*

\
Best Passenger Route set sting:
\
13-50-95-20-32-27-94-83-15-66-34-18-92-67*36-72-108-5-42-96-64-92-18-15-83-105-27-95-50-20-17*4-36-72-92-18-98-67-100-52-10-40-37-25-70-41-47-103-12*95-17-39-55-80-38-74-41-70-10-52-89-64-79-48-72-43-29*5-11-89-52-91-90-62-53-38-87-56-65-78-17-20*72-108-36-64-96-89-42-57-37-10-52-100-18-9-19-102-88-71*61-1-0-87-55-101-94-85-19-33-99-69-14-102-51-46-28-21-32-95-20*13-50-65-39-78-95-68-21-28-59-27-101-55-63-12-103-70-84-104-7-49-90*29-43-30-26-82-19-85-94-27-95-50-75-17*107-36-108-48-44-82-33-14-69-43-30-26-72-79-64-89-52-10-70-25*46-28-59-95-17-39-56-87-55-45-2-15-18-92-64-36-107-77*50-75-20-95-59-28-21-27-105-83-15-35-49-7-52-100-67-93-18-3-66-85*60-58-80-38-63-2-83-3-19-33-76*65-56-17-32-50-95-27-94-83-34-93-100-52-10-40-57-7-25-70-41-16*20-32-59-21-68-17-65-56-1-0-87-45-2-15-34-18-92-44-26-43-29*104-7-57-10-52-91-90-8-63-55-39-17-95-68-20-50-65-56-87-80-38-53*62-47-58-60-41-12-63-2-15-54-85-24-102-88-71-31-22-66-93-3-81-94*97-87-55-39-78-65-50-17-27-101-94-105-83-34-18-92-64-79-36-107-77*76-14-99-82-44-72-79-73-106-57-40-37-7-49*10-40-57-37-104-84-25-7-103-62-53-63-55-39-17-50-75-20-95-68-59-27*61-1-87-45-2-15-18-92-48-108-4-36*79-108-107-77-5-42-106-89-52-91-90-53-38-80-0-61*30-43-29-26-82-19-85-94-105-27-59-68-95-17-75-50-13-32*83-94-101-27-17-20-68-95-78-39-55-63-8-49-52-89-73-64-36-108-107-77*86-28-21-13-32-27-105-83-35-49-52-89-73-42-96-64-11-79-108*90-49-91-35-2-83-3-67-92-44-26-29-30-43-72-79-73-89-52-7-25-104*65-0-80-38-63-8-91-100-52-89-64-36-108-48-107-4-77-5-42-57*69-99-14-31-22-54-15-2-45-63-38-58-74-16-12-8-53-62-91-49*77-5-108-4-107-36-64-89-52-49-90-8-63-38-58-97-80-0-1-87-39-55*51-88-71-86-28-21-27-101-55-38-74-60-47-12-63-45-80*20-17-56-61-0-1-87-45-53-8-90-91-52-89-109-64-79-72-36-4-77-107*69-76-102-51-86-28-21-27-101-55-63-53-62-47-16-12-41-7-40-10*50-17-32-13-28-86-24-19-82-44-48-107-77-4*17-50-95-59-28-86-51-102-19-9-92-64-96-11-89-106-57-40-37-84-7-10*5-107-108-36-64-89-52-49-90-62-12-38-87-56-0-61-65-39-55-63-2-15*16-41-104-84-7-52-100-18-9-23-82-99-69-76-33-19-22-24-54-3-15-83*32-68-50-65-39-55-63-12-103-70-25-104*84-7-70-16-74-38-63-45-2-34-3-19-82-26-29*81-6-54-24-102-88-31-23-9-18-34-83-94-27-95-20-50*104-37-40-10-52-100-93-3-85-6-86-46-21-32-20-17-78-0-39-65*5-36-48-44-82-33-31-102-51-86-81-94-85-54-22-19-9-3-66*47-12-63-45-2-15-3-22-19-33-99-69-30-43-72-92-9-23-31*37-57-106-73-11-64-92-18-66-54-85-6-86-28-46-51-31-33-99-69-43-29*84-70-25-7-37-40-10-52-49-91-90-62-103-47-58-97-0-65-56-39-17-27*4-36-72-92-18-15-83-94-27-17-75*36-107-48-72-44-30-43-26-82-19-22-6-81-94-105-27-95-20-75-68-32*97-1-87-38-63-8-90-91-49-52-89-109-64-73-79-48-92-72-44-82-99-69*42-5-11-106-57-10-40-7-49-90-91-35-15-83-94-27-59-68-20-50-17-78*47-74-58-97-87-56-65-17-27-105-94-85-22-31-76-14-33-19-23-82-44-43*26-82-99-76-33-23-9-18-98-67-100-91-49-7-25-70-103-12-38-80-97*43-30-26-44-92-67-98-93-35-8-53-12-74-58-97-0-39-17-95-20-68-13*29-30-43-44-92-18-98-93-35-8-62-12-60-47-103-7-104-10-25-40-57-42*16-41-103-62-8-35-15-54-24-102-71-86-81-105-94-6*52-89-96-64-79-108-107-4-36-72-44-82-19-24-86-21-59-27-94-2-83-15*81-94-2-63-12-103-7-37-57-40-10-52-100-67-18-9-23-31-51-71-102-19*1-61-56-87-38-53-90-49-52-89-11-64-36-107-108-72-43-69-30-29-26*