35_2_Mumford0_SA_Obj_dis RESULTS EVALUATION:
\
HV:0.8870 | BM:0.0000

\
	Operator	Passenger
\
f1_ATT	23.6295		15.1470
\
f2_TRT	0		0
\
d_0	20.6921		69.0320
\
d_1	45.2858		30.9680
\
d_2	29.2962		0.0000
\
d_un	4.7259		0.0000

\
Best Operator Route set:
\
[[1, 24, 7, 16, 6, 5],
[1, 3, 11, 17, 22, 0, 13],
[8, 12, 0, 28, 16, 27, 29],
[5, 6, 13, 18, 19],
[23, 14, 11, 25],
[2, 7, 4],
[9, 14, 20],
[5, 15],
[8, 26],
[1, 14, 7, 10, 21],
[14, 11, 17, 22, 18],
[2, 7, 20, 23]]

\
Best Passenger Route set:
\
[[23, 9, 1, 3, 11, 17, 22, 18, 13, 6, 15, 2],
[27, 2, 7, 28, 17, 19, 8, 26, 0, 18, 13, 6, 21],
[21, 10, 16, 28, 17, 12],
[5, 21, 15, 29, 2, 10, 6, 13, 18, 22, 12, 8],
[21, 5, 6, 13, 18, 19, 22, 25, 28, 7, 4, 24, 1, 14, 20],
[4, 7, 14, 3],
[24, 20, 4, 1, 9, 14, 7, 27, 10, 15, 21, 2, 29],
[4, 24, 14, 11, 17, 22, 0, 13, 6, 5],
[9, 3, 11, 25, 7, 10, 21, 5, 15, 16, 28, 17, 19, 12, 0],
[26, 8, 12, 0, 28, 16, 27, 29, 2, 7, 4, 24],
[8, 12, 18, 0, 25, 7, 20, 23, 14, 11, 17, 22],
[4, 23, 3, 1, 24, 7, 16, 6, 5, 21]]

\
Best Operator Route set string:
\
1-24-7-16-6-5*1-3-11-17-22-0-13*8-12-0-28-16-27-29*5-6-13-18-19*23-14-11-25*2-7-4*9-14-20*5-15*8-26*1-14-7-10-21*14-11-17-22-18*2-7-20-23*

\
Best Passenger Route set sting:
\
23-9-1-3-11-17-22-18-13-6-15-2*27-2-7-28-17-19-8-26-0-18-13-6-21*21-10-16-28-17-12*5-21-15-29-2-10-6-13-18-22-12-8*21-5-6-13-18-19-22-25-28-7-4-24-1-14-20*4-7-14-3*24-20-4-1-9-14-7-27-10-15-21-2-29*4-24-14-11-17-22-0-13-6-5*9-3-11-25-7-10-21-5-15-16-28-17-19-12-0*26-8-12-0-28-16-27-29-2-7-4-24*8-12-18-0-25-7-20-23-14-11-17-22*4-23-3-1-24-7-16-6-5-21*