,R_x,f_1,f_2,Generation,Rank
0,1-2-5-7-9-13*2-5*8-14-7-9-10*4-3-5-7*6-9-10-12-13*0-1-3-11*,13.562862669245648,0.0,0,0.0
1,5-3-11-10-9-6-14-7*4-1-2-5-7-9-10-12*0-1-2-5-7-14-6-9*12-13-9-10-11-3-5-14*4-3-5-7-9-6-14-8*1-3-5-7-9-13-12-10*,10.578981302385557,0.3870967741935484,0,0.0
2,2-5-3-1-4*2-1-3-5-7-9*6-14-5-7-9-10-12*0-1-2-5-3-11-10-9*9-13*8-14-6-9-10-12-13*,11.362991618310767,0.26530612244897955,0,0.0
3,8-14-6-9-10-12-13*3-11-10-9-6-14-7-5*2-1-3-5-7-9-13-12*4-3-5-14-6-9-10-12*0-1*0-1-2-5-7-9-10-11*,10.749838813668601,0.3090909090909091,0,0.0
4,2-5-7-14-6-9-10-11*8-14-7-9-10-12-13*2-1-4-3*0-1-2*11-3-1-2-5-7-9-13*1-3-5-2*,11.399742101869762,0.20833333333333337,0,0.0
5,2-1-3-5-7-9-10*5-3-11-10-12-9*1-4-3*0-1-2-5-7-14-6-9*8-14-5-7-9*6-14-7-9-10-12-13*,11.174081237911025,0.28,0,0.0
6,0-1-2-5-7-9-6-14*8-14-7-5-3-11-10-9*2-1-3-5-7-9-13-12*1-4-3-5-7-9-12-13*6-14-5-7-9-10-12-13*1-2-5-14-6-9-10-11*,10.637008381689233,0.3548387096774194,0,0.0
7,0-1-2-5-7-9-10-11*8-14-6-9-10-12-13*5-3-11-10-12-13-9-7*0-1-4-3-5-7-14-6*3-1-2-5-7-14-6-9*0-1-3-5-7-9-10-12*,10.475822050290136,0.4098360655737705,0,0.0
8,5-3-11-10-9-6-14-7*4-1-2-5-7-9-10-12*0-1-2-5-7-14-6-9*12-13-9-10-11-3-5-14*4-3-5-7-9-6-14-8*1-3-5-7-9-13-12-10*,10.578981302385557,0.3870967741935484,0,0.0
9,0-1-2-5-7-9-6-14*8-14-7-5-3-11-10-9*2-1-3-5-7-9-13-12*1-4-3-5-7-9-12-13*6-14-5-7-9-10-12-13*1-2-5-14-6-9-10-11*,10.637008381689233,0.3548387096774194,0,0.0
10,0-1-2-5-7-9-10-11*8-14-6-9-10-12-13*5-3-11-10-12-13-9-7*0-1-4-3-5-7-14-6*4-1-2-5-7-14-6*2-1-3-5-7-9-10-12*,10.505480335267569,0.4,0,0.0
11,5-3-11-10-9-6-14-7*4-1-2-5-7-9-10-12*0-1-2-5-7-14-6-9*12-13-9-10-11-3-5-14*4-3-5-7-9-6-14-8*1-3-5-7-9-13-12-10*,10.578981302385557,0.3870967741935484,0,0.0
12,2-5-7-14-6-9-10-11*8-14-7-9-10-12-13*2-1-4-3-5-7-9-10*0-1-2-5-7-9*11-3-1-2-5-7-9-13*4-1-3-5-2*,10.646034816247582,0.3214285714285714,0,0.0
13,4-3-11*2-5-7-9-10-12-13*0-1-3-5*14-7*8-14-6*7-9*,15.334622823984526,0.19999999999999996,0,0.0
14,0-1-3-5-7-9-6-14*7-5-14-6-9-12-10-11*8-14*2-5-14-7-9-10-11-3*8-14-6-9-10-12-13*4-3-1-2-5-7-9-13*,11.068987749838813,0.3090909090909091,0,1.0
15,2-5-7-14-6-9-10-11*8-14-7-9-10-12-13*9-7-5-2-1-4-3-11*0-1-2-5-7-9-10-11*11-3-1-2-5-7-9-13*0-1-3-5-2*,10.852353320438427,0.31034482758620685,0,1.0
16,1-3-5-7-9-10-11*5-7*8-14-5-7-9-10-12*4-3*0-1-2*6-9-13*,13.540941328175371,0.21052631578947367,0,1.0
17,2-5*0-1-3-5-7-9*5-14-7-9-10-11*8-14-7-9-10-12-13*4-1-2-5-14*5-7-14-6-9-12*,11.829787234042554,0.26086956521739135,0,1.0
18,1-3*3-1-2-5-7-9*3-5-14-6-9-10-11*8-14*0-1-4*2-5-7-9-10-12-13*,12.090909090909092,0.2195121951219512,0,1.0
19,1-3-5-7-9-10-12*0-1*7-9-13-12-10*2-5-7-9-10-11*8-14-6-9-13*4-1-2-5-14-7*,11.872985170857511,0.24444444444444446,0,1.0
20,8-14-5-7-9*1-2-5-7-9-10-12-13*2-5-3-11-10-9-12-13*0-1-3-4*3-5-7-14-6-9-13-12*3-4*,11.38039974210187,0.30612244897959184,0,1.0
21,4-3-1-2-5-7-9-13*5-2-1-3-11-10-9-13*3-5-14-7-9-10-12-13*5-7-14-6-9-10-12*0-1-4-3-5-2*8-14*,11.486782720825275,0.28301886792452835,0,1.0
22,11-3-5-14-6-9-10-12*0-1-2-5*4-3-1-2-5-7-9*1-2-5-7-9-10-12-13*8-14*9-7-5-2-1-3-11-10*,11.402965828497743,0.2941176470588235,0,1.0
23,1-3-5-7-9-10-11*2-5-7-9-6-14*8-14-5-7-9-10-12*1-4-3-5-14-7*0-1-2-5*3-5-7-14-6-9-13-12*,11.304319793681495,0.3076923076923077,0,1.0
24,4-3-5-7-9-10-11*0-1-2-5-7*9-7-5-14-8*5-14-6-9-10-12-13*2-5*2-1-3-5-7-9*,11.395228884590587,0.30434782608695654,0,1.0
25,8-14-6-9-10-12-13*3-11-10-9-6-14-7-5*2-1-3-5-7-9-13-12*4-3-5-14-6-9-10-12*0-1-3-5-7-9-10*0-1-2-5-7-9-10-11*,10.638297872340425,0.3666666666666667,0,1.0
26,5-7-14-6-9-13-12-10*0-1-2-5-7-9-10-12*7-5-14-6-9-12-10-11*0-1-3-11-10-9-7-5*0-1-4-3-5-7-9-13*2-1-3-5-14-8*,10.551257253384913,0.5,0,1.0
27,2-1-3-11-10-9-7-5*0-1-2-5-7-14-6-9*10-12-13-9-6-14-5-3*0-1-4-3-5-7-9-10*3-11-10-12-9-7-14-8*8-14-5-7-9-12-10-11*,10.552546744036105,0.4838709677419355,0,1.0
28,0-1-3-5-14-6-9-10*13-9-10-11-3-5-7-14*4-1-2-5-3-11*0-1-2-5-7-9-10-12*0-1-4-3-5-7-9-10*1-2-5-7-9-6-14-8*,10.563507414571244,0.4666666666666667,0,1.0
29,2-5-7-9-13-12-10-11*1-3-5-7-9-10-12-13*0-1-2-5-7-9-10-12*13-9-10-11-3-5-14-8*0-1-3-5-14-6-9-13*0-1-4-3-11-10-9-6*,10.606060606060606,0.4193548387096774,0,1.0
30,0-1-3-5-7-9-10-11*0-1-2-5-7-9-10-12*9-13-12-10-11-3-5-14*12-13-9-6-14-5-2-1*9-7-5-2-1-4-3-11*8-14-5-3-11-10-9-13*,10.597034171502257,0.4516129032258065,0,1.0
31,0-1-2-5-7-9-6-14*8-14-7-5-3-11-10-9*2-1-3-5-7-9-13-12*1-4-3-5-7-9-12-13*6-14-5-7-9-10-12*2-5-14-6-9-10-11*,10.714377820760799,0.33333333333333337,0,1.0
32,4-3-5-14-6-9-10-12*5-2-1-3-11-10-9-13*8-14-7-9-10-12-13*0-1-2-5-7-9-13-12*3-5-14-7-9-10-12-13*4-3-1-2-5-7*,10.747904577691811,0.3220338983050848,0,1.0
33,0-1-2-5-7-9-10-11*8-14-6-9-10-12*5-3-11-10-12-13-9-7*0-1-4-3-5-7-14-6*1-2-5-7-14*1-3-5-7-9-10-12*,10.669890393294649,0.3571428571428571,0,1.0
34,6-14-7-5-3-11-10-9*2-1-3-5-7-9-10-12*11-3-1-2-5-7-9-13*0-1-2-5-7-9*1-4-3-5-14-6-9-7*8-14-6-9-12-13*,10.699548678272082,0.3448275862068966,0,1.0
35,4-3-1*3-11*6-9*0-1-2-5-7*9-10*8-14-7-9-10-12-13*,15.681495809155384,0.19999999999999996,0,1.0
36,1-2*1-2-5-3-11-10-12-9*3-1-2-5-7-14-6-9*8-14-7-9-10-12-13*4-3-5-7-9-6-14-8*0-1-3-5-14-6-9-10*,11.161186331399097,0.3090909090909091,0,2.0
37,8-14-5-7-9-10-12*5-2-1-4-3-11*3-1-2-5-14-7-9-6*8-14-6-9-13-12-10-11*0-1-3-5-7-9-10*0-1-2-5-7-9-12-13*,10.990973565441651,0.31034482758620685,0,2.0
38,5-3-11*8-14-6-9-13*0-1*4-3-5-7-9*1-2-5-7-9-10-12*3-5*,13.767891682785299,0.21052631578947367,0,2.0
39,1-3-5-7-9-10-11*8-14*9-13*2-5-14-6-9*4-3-5-7-9-10-12*0-1*,12.571889103803997,0.23076923076923073,0,2.0
40,5-7-9-10-11*3-1-2-5-14-6-9*8-14-5-7-9-10-12-13*0-1*4-3-5*1-2-5*,12.154094132817537,0.23809523809523814,0,2.0
41,2-5-14-7-9-10-11*8-14-5-7-9-10-12*4-3-1-2-5-7-14*12-13*0-1-4-3*2-1-3-5-14-6-9-7*,12.10186976144423,0.26530612244897955,0,2.0
42,4-3-5-7*3-5-7-9-10-12*0-1-3-5-14-6-9-13*1-2-5*14-8*7-9-10-11*,11.876208897485494,0.2682926829268293,0,2.0
43,4-3-1-2-5-7-9*3-5-7-9-10-12-13*10-11-3-5-14-7-9-13*0-1-3-5*1-3-5-14-6-9-7*8-14*,11.38749194068343,0.30612244897959184,0,2.0
44,8-14-6-9-10-12-13*2-5-3-11-10-12-9-13*1-2-5-7-14-8*0-1-3*1-4-3-5-7-9-10-12*6-9-7-14-8*,11.50354609929078,0.2941176470588235,0,2.0
45,2-5-3-11-10-9-12-13*0-1-2-5-7-9-12-13*8-14-5-7-9-13-12-10*6-14*1-4-3-5-14-7*8-14-6-9-10-12*,11.382333978078659,0.3076923076923077,0,2.0
46,0-1-3-5-7-9-10-12*10-12-9-6-14-5-3-11*1-4-3-5-14-7-9-6*8-14-5-7-9-10-12-13*0-1-2-5-7-9-13-12*3-5-7-14-6-9-10-11*,10.655705996131529,0.3870967741935484,0,2.0
47,0-1-3-5-7-9-10*10-12-9-6-14-5-3-11*1-4-3-5-14-7-9-6*8-14-5-7-9-10-12-13*0-1-2-5-7-9-13-12*3-5-7-14-6-9-10-11*,10.658284977433913,0.3770491803278688,0,2.0
48,0-1-2-5-7-9-10-12*1-4-3-5-7-9-10-12*1-3-11-10-12-13-9-7*6-14-5-3-11-10-9-12*0-1-3-5-7-14-8*6-9-7-5-3-11-10-12*,10.594455190199872,0.47540983606557374,0,2.0
49,0-1-3-5-14-6-9-10*13-9-10-11-3-5-7-14*4-1-2-5-3-11-10-9*0-1-2-5-7-9-10-12*0-1-4-3-5-7-9-10*1-2-5-7-9-6-14-8*,10.563507414571244,0.4838709677419355,0,2.0
50,3-11-10-9-7-5-14-6*0-1-2-5-14-6-9-7*0-1-2-5-7-9-12-13*8-14-6-9-13-12-10-11*4-3-1-2-5-7-9-10*2-1-3-5-7-9-10-11*,10.61057382333978,0.4193548387096774,0,2.0
51,0-1-3-5-14-7-9-6*3-11-10-9-7-5-14-8*2-5-14-6-9-13-12-10*6-14-5-7-9-12-10-11*1-4-3-5-7-9-10-11*0-1-2-5-7-9-10-11*,10.604126370083817,0.4516129032258065,0,2.0
52,8-14-6-9-10-12-13*3-11-10-9-6-14-7-5*2-1-3-5-7-9-13-12*4-3-5-14-6-9-10-12*0-1-2-5-7-9-12-10*0-1-2-5-7-9-10-11*,10.718246292714378,0.34426229508196726,0,2.0
53,4-3-5-14-6-9-10-12*5-2-1-3-11-10-9-13*8-14-7-9-10-12-13*0-1-2-5-7-9-13-12*3-5-14-7-9-10-12-13*4-3-1-2-5-7-9*,10.747904577691811,0.33333333333333337,0,2.0
54,7-5-3-11-10-9-12-13*4-3-1-2-5-7-14-8*8-14-6-9-13-12-10-11*0-1-4-3-5-14-7-9*0-1-3-5-7-9-10-12*0-1-2-5-14-8*,10.707285622179239,0.3666666666666667,0,2.0
55,7-5-3-11-10-9-12-13*4-3-1-2-5-7-14-8*8-14-6-9-13-12-10-11*0-1-4-3-5-14-7-9*0-1-3-5-7-9-10-12*0-1-2-5-14-8*,10.707285622179239,0.3666666666666667,0,2.0
56,6-14-7-9*3-5-7-9-10-11*0-1-2-5-7-9-6-14*5-3-11-10-12-9-13*4-3-1-2-5-7-9-6*8-14-6-9-10-12*,11.090909090909092,0.3207547169811321,0,3.0
57,6-14-7-5-3-11*1-3-5-7-9-10-12*2-5-7-9-13*0-1*4-3*8-14*,14.012250161186332,0.21052631578947367,0,3.0
58,3-5-7-9-10-11*1-2-5-14-6*8-14-5-7-9-10-12-13*0-1*4-3*2-5*,13.379110251450676,0.23076923076923073,0,3.0
59,4-3*5-14-6-9-10-11-3*7-9-10-12-13*8-14-7-9*0-1-2-5-7*5-3-11*,12.376531270148291,0.25,0,3.0
60,1-3-5-7-9-10*1-2-5-7*0-1-4*10-12-9-6*8-14-7-9-10-12-13*5-3-11-10*,12.92134107027724,0.23809523809523814,0,3.0
61,6-9-10-12-13*8-14-5-7-9-12*1-2-5*4-1-3-5-7-9-10-11*0-1*0-1-2-5-14-7-9*,12.43907156673114,0.24444444444444446,0,3.0
62,0-1-3-5-14-7*8-14-5-7-9-10-12-13*4-3-1-2-5-7-9*5-3-11*1-2-5-7*4-1-2-5-14-6-9*,12.193423597678917,0.26530612244897955,0,3.0
63,14-6-9*2-1-3-11-10-9*8-14-7-9-10-12*0-1-2-5-7-9-13*5-14-7-9-10-12*4-3-1*,12.047066408768536,0.28888888888888886,0,3.0
64,3-11-10*4-1-2-5-7-9-10-12*9-13*5-14-6-9-7*14-8*0-1-3-5-7-9*,11.60348162475822,0.30000000000000004,0,3.0
65,5-7-9-12-13*2-5-7-14-6-9-10-12*8-14-6-9-10-12-13*4-3-5-14-7-9-10-11*0-1-2-5-3-4*0-1-3-4*,11.486137975499677,0.3076923076923077,0,3.0
66,7-5-3-11-10-12-13-9*2-1-4-3-5-7-9-13*6-14-7-9-10-12-13*8-14-5-7-9-10-11-3*0-1-2-5-7-14-6-9*7-5-2-1-3-11-10-9*,10.684719535783366,0.3770491803278688,0,3.0
67,0-1-3-5-7-9-10-11*0-1-2-5-7-14-8*0-1-4-3-5-7-9-12*10-12-9-6-14-5-3-11*8-14-7-9-10-12-13*7-5-3-11-10-9-13-12*,10.658284977433913,0.4,0,3.0
68,6-9-7-5-14-8*0-1-2-5-7-9-10-12*0-1-4-3-11-10-12-9*5-3-11-10-9-6-14-8*10-11-3-5-14-6-9-13*0-1-3-5-7-9-13-12*,10.565441650548033,0.5,0,3.0
69,2-1-3-11-10-9-7-5*0-1-2-5-7-14-6-9*10-12-13-9-6-14-7-5*0-1-4-3-5-7-9-10*3-11-10-12-9-7-14-8*8-14-5-7-9-12-13*,10.61444229529336,0.4426229508196722,0,3.0
70,1-3-11-10-9-7-5-14*0-1-2-5-14-6-9-7*0-1-2-5-7-9-12-13*8-14-6-9-13-12-10-11*4-3-1-2-5-7-9-10*2-1-3-5-7-9-10-11*,10.620245003223726,0.4193548387096774,0,3.0
71,6-9-7-5-14-8*0-1-2-5-7-9-10-12*0-1-4-3-11-10-9*5-3-11-10-9-6-14-8*10-11-3-5-14-6-9-13*0-1-3-5-7-9-13-12*,10.613152804642166,0.4915254237288136,0,3.0
72,0-1-2-5-7-9-10-12*0-1-2-5-14-7-9-6*0-1-3-5-7-9-10-12*2-5-3-11-10-9-12-13*4-3-5-7-9-13-12-10*8-14-6-9-13-12-10-11*,10.73758865248227,0.3548387096774194,0,3.0
73,0-1-2-5-7-9-10-12*0-1-2-5-14-7-9-6*0-1-3-5-7-9-10-12*2-5-3-11-10-9-12-13*4-3-5-7-9-13-12-10*8-14-6-9-13-12-10-11*,10.73758865248227,0.3548387096774194,0,3.0
74,0-1-3*10-12-9-6-14-5-3-11*1-4-3-5-14-7-9-6*8-14-5-7-9-10-12-13*0-1-2-5-7-9-13-12*3-5-7-14-6-9-10-11*,10.754996776273371,0.33333333333333337,0,3.0
75,4-3-5-14-6-9-10-12*5-2-1-3-11-10-9-13*8-14-7-9-10-12-13*0-1-2-5-7-9-13-12*3-5-14-7-9-10-12-13*4-3-1-2-5-7-9-6*,10.747904577691811,0.34426229508196726,0,3.0
76,7-5-3-11-10-12-13-9*11-3-5-7-14-6-9-13*0-1-2-5-7-9*4-3-1-2-5-14-7-9*8-14-6-9-13-12-10-11*0-1-3-5-7-9-10-11*,10.72856221792392,0.3666666666666667,0,3.0
77,0-1-2-5-14-8*8-14-6-9-10-12-13*2-5-14-7-9-10-11-3*2-1-3-5-7-9*3-11-10-12-13-9-6-14*0-1-4-3*,11.163120567375886,0.3207547169811321,0,4.0
78,6-9*4-3-1-2-5-7*3-11-10-12*8-14-7-9*0-1-3-5*12-13*,22.472598323662154,0.2222222222222222,0,4.0
79,3-1-4*1-3-5-7*5-7-9-10-12*0-1-2-5-3-11*9-13*8-14-6-9-10*,14.009671179883945,0.23076923076923073,0,4.0
80,7-14*0-1-2-5-7-9-10-12*9-13*8-14*4-1-3-5-7-9-6*3-11*,13.020631850419084,0.2432432432432432,0,4.0
81,5-7*7-14-6-9-10-12-13*2-5-14-7-9*0-1-3*4-3-5-7-9-10-11*14-8*,12.885235332043843,0.25,0,4.0
82,0-1-3-5-14-7-9-6*3-11-10-9*5-7-9*4-3-5*8-14-5-7-9-10-12-13*3-1-2-5*,12.520309477756287,0.2727272727272727,0,4.0
83,9-10-11*8-14-5-7-9-10-12*1-2-5-7*12-13*0-1-4*1-3-5-14-6-9*,12.451321727917472,0.28205128205128205,0,4.0
84,5-7-9*4-1-2-5-14-6*1-3*0-1-3-11-10*1-3-5-7*8-14-7-9-10-12-13*,12.647324306898774,0.2682926829268293,0,4.0
85,7-5-14-6-9-10*11-3-5-7-14-6-9-13*4-1-2-5-7-9-6*8-14-7-9-10-12-13*0-1-3-5*9-13*,12.113475177304965,0.29166666666666663,0,4.0
86,2-5-7-9-13*1-2-5-7-14-6-9*11-3*8-14-5-7-9-10-12*0-1-2*1-4-3-5-7-9-10*,12.339780786589298,0.28888888888888886,0,4.0
87,8-14*3-5-7-9*5-14-7-9-10-11*1-2-5-7-9-12*4-3-5*0-1-3-5-14-6-9-13*,11.925209542230819,0.3023255813953488,0,4.0
88,9-12-13*6-14-7-9-13-12-10-11*11-3-5-7-14-6-9-12*0-1-2-5*4-1-2-5-7-9-10-12*8-14*,11.662153449387493,0.3191489361702128,0,4.0
89,1-3-5-7-14-6-9-10*9-7-5-2-1-3-11*0-1-2-5-7*0-1-2-5-7-9-13-12*1-4-3*8-14-5-7-9-10-12*,11.880077369439071,0.3076923076923077,0,4.0
90,9-10*2-1-4*3-1-2-5-14-7*8-14-6-9-13-12-10-11*1-3-5-7-9*0-1-2-5-7-9*,11.766602192134107,0.31818181818181823,0,4.0
91,0-1-2-5-7-14-6-9*2-5-7-9-10-11-3-4*9-7-5-2-1-4-3-11*4-1-3-5-7-9-12-13*8-14-7-9-13-12-10-11*2-5-3-11-10-12-9-7*,10.688588007736945,0.3870967741935484,0,4.0
92,3-11-10-9-7-5-14*0-1-2-5-14-6-9-7*0-1-2-5-7-9-12-13*8-14-6-9-13-12-10*4-3-1-2-5-7-9-10*2-1-3-5-7-9-10-11*,10.687943262411348,0.4,0,4.0
93,2-1-3-5-7-9-10-11*3-4-1-2-5-7-9-6*1-2-5-7-9-6-14-8*11-3-5-14-6-9-10-12*10-12-13-9-7-5-14-8*0-1-2-5-7-14-6-9*,10.594455190199872,0.5161290322580645,0,4.0
94,0-1-2-5-14-6-9-7*8-14-6-9-10-12-13*0-1-4-3-5-7-14-6*10-11-3-5-7-9-12-13*4-3-5-7-9-13-12-10*10-9-7-5-2-1-3-11*,10.615731785944552,0.4426229508196722,0,4.0
95,10-12-13-9-7-5-14-6*2-1-3-5-7-9-10-11*0-1-2-5-7-9-12-13*0-1-4-3-5-7-9-10*8-14-6-9-7-5-3-11*4-1-2-5-7-9-10-11*,10.63571889103804,0.4193548387096774,0,4.0
96,0-1-2-5-7-9-6-14*8-14-5-7-9-12-10-11*2-5-14-7-9-10-11-3*0-1-2-5-7-14-6*2-1-3-5-7-9-13-12*0-1-4-3-5-7-9-6*,10.61444229529336,0.5081967213114754,0,4.0
97,0-1-2-5-7-14-6-9*2-5-7-9-10-11-3*5-2-1-4-3-11*4-1-3-5-7-9-12-13*8-14-7-9-13-12-10*5-3-11-10-12-9-7*,10.785299806576402,0.33333333333333337,0,4.0
98,0-1-2-5-7-9-10-12*0-1-2-5-14-7-9-6*0-1-3-5-7-9-10-12*2-5-3-11-10-9-12-13*4-3-5-7-9-13-12-10*8-14-6-9-13-12-10*,10.782720825274017,0.34426229508196726,0,4.0
99,3-4-1-2-5-7-9-6*7-5-14-6-9-10-12-13*0-1-2-5-7-9-13-12*5-2-1-3-11-10-9-7*8-14-7-9-10-12-13*4-1-3-5-7-9-6-14*,10.747904577691811,0.3770491803278688,0,4.0
100,0-1-2-5-7*5-7-14-6-9-10-12*2-5-3-11-10-12-9-13*0-1-4-3*8-14-5-7-9-10-12*0-1-3-5-7-9-6-14*,11.200515796260477,0.3207547169811321,0,5.0
101,2-5-7-9*0-1-4-3*8-14-7-9-10-12-13*5-14-6*9-10-11*1-2-5-7*,14.270793036750483,0.23076923076923073,0,5.0
102,14-6*8-14-7-9-10-12-13*9-7*4-3*2-5-7-9-10-11*0-1-3-5*,13.918762088974855,0.2432432432432432,0,5.0
103,0-1-2-5-7-9-6*8-14-7-5-3-11*5-7*4-3-5-7-9-12-13*9-10*9-10*,13.118633139909736,0.25,0,5.0
104,2-5-7*9-12*8-14-5-7-9-13*6-9-10-12*0-1-3-5-7-9-6*4-3-5-14-7-9-10-11*,12.625402965828497,0.2727272727272727,0,5.0
105,2-5*14-6-9-10-12*0-1-2-5-3-11*12-13*8-14-5-7-9-10-12*4-3-5-14-6*,12.789813023855578,0.2682926829268293,0,5.0
106,6-9-10-12-13*8-14-5-7-9-12-10*1-2-5-3*4-1-3-5-7-9-10-11*0-1*0-1-2-5-14-7-9-6*,12.218568665377177,0.29166666666666663,0,5.0
107,0-1-3-5-7-9-6*14-6-9-12-10-11*8-14*5-14-7-9*14-6-9-10-12-13*4-3-1-2-5-7-9*,12.181818181818182,0.30434782608695654,0,5.0
108,2-1-3-5*0-1-3-5*8-14-5-7-9-10-11*4-1-2-5-7-9-6-14*6-9-10-12-13*11-3-1-2-5-7-9-13*,11.725338491295938,0.31999999999999995,0,5.0
109,10-12*8-14*0-1-3-5-14-6-9-13*1-3*4-1-2-5-7-9-10-11*9-10*,12.06447453255964,0.3157894736842105,0,5.0
110,9-6-14-7-5-3*8-14-5-7-9-13*0-1-2-5-7-9-10-12*4-3-5*7-9*11-10*,11.882656350741458,0.31707317073170727,0,5.0
111,6-14-5-7-9-10*4-3-5-14-7-9-10-11*1-3*8-14-7-9-10-12-13*4-1-2-5-14-6-9-7*0-1*,11.874274661508704,0.3191489361702128,0,5.0
112,0-1-2-5-7-14-6-9*2-5-7-9-10-11-3-1*7-5-2-1-4-3-11-10*4-1-3-5-7-9-12-13*8-14-7-9-13-12-10-11*2-5-3-11-10-12-9-7*,10.725338491295938,0.3870967741935484,0,5.0
113,2-1-3-11-10-9-7-5*11-3-5-7-14-6-9-12*1-4-3-5-7-9-12-13*8-14-6-9-10*0-1-2-5-7-9-10-12*3-11-10-12-9-6-14-7*,10.72340425531915,0.38983050847457623,0,5.0
114,4-1-3-5-7-9-12-13*4-3-5-14-7-9-10-11*0-1-3-5-14-6-9-7*0-1-2-5-7-9-10-12*0-1-2-5-3-11-10-12*0-1-2-5-7-14-8*,10.701482914248873,0.4098360655737705,0,5.0
115,1-4-3-5-7-9-10-12*2-1-4-3-5-7-9-12*10-11-3-5-14-6-9-7*0-1-3-5-7-14-6-9*0-1-2-5-7-9-10-12*11-10-12-13-9-6-14-8*,10.60541586073501,0.5161290322580645,0,5.0
116,2-1-3-11-10-9-7-5*0-1-2-5-7-14-6-9*10-12-13-9-6-14*0-1-4-3-5-7-9-10*3-11-10-12-9-7-14-8*8-14-5-7-9-12*,10.618310767246937,0.4482758620689655,0,5.0
117,1-4-3-5-7-9-10-11*5-3-11-10-9-7-14-6*8-14-5-7-9-13-12-10*0-1-2-5-7-9-10-11*2-1-3-5-14-6-9-10*0-1-2-5-7-9-6*,10.63571889103804,0.4426229508196722,0,5.0
118,4-3-1-2-5-7-9-13*1-2-5-7-14-6-9-10*10-11-3-5-14-7-9-13*8-14-5-7-9-10-12-13*0-1-2-5-7-14-6-9*1-4-3-5-7-9-10-11*,10.640232108317214,0.4193548387096774,0,5.0
119,4-3-1-2-5-7-9-13*1-2-5-7-14-6-9-10*10-11-3-5-14-7-9-13*8-14-5-7-9-10-12-13*0-1-2-5-7-14-6-9*1-4-3-5-7-9-10-11*,10.640232108317214,0.4193548387096774,0,5.0
120,4-3-1-2-5-7-9-13*1-2-5-7-14-6-9-10*10-11-3-5-14-7-9-13*8-14-5-7-9-10-12-13*0-1-2-5-7-14-6-9*1-4-3-5-7-9-10-11*,10.640232108317214,0.4193548387096774,0,5.0
121,4-3-1-2-5-7-9-6*9-7-5-3-11-10-12*1-3-5-14-6-9-7*0-1-2-5-7-9-10-11*8-14-5-7-9-10*8-14-7-9-10-12-13*,10.809800128949066,0.33333333333333337,0,5.0
122,8-14-5-7-9-10-12-13*9-7-5-2-1-4-3-11*3-1-2-5-14-7-9-6*8-14-6-9-13-12-10-11*0-1-3-5-7-9-10-11*0-1-2-5-7-9-12-13*,10.785944551901999,0.3548387096774194,0,5.0
123,3-4-1-2-5-14-6-9*1-2-5-3-11-10-9-13*8-14-5-7-9-10-12-13*0-1-2-5-7-9-6*2-1-3-5-7-9-12-13*2-1-3-5-14-7-9-10*,10.769181173436493,0.3770491803278688,0,5.0
124,11-3-5-7-9-10-12*0-1-3*4-3-5-14-7-9-10-11*6-14-5-7-9-13*4-3-1-2-5-7-9*8-14-6-9-7-5-3-11*,11.344294003868471,0.3207547169811321,0,6.0
125,2-1-3-5-7-9-10-11*1-2-5-3-4*2-5-7-14-6-9-10-12*8-14-5-7-9-10-12-13*0-1-4-3-5-7-9-13*5-3-11-10-9-6-14-7*,11.270793036750483,0.3220338983050848,0,6.0
126,7-5-3-11*7-9-10-12*1-2-5-7-9-13*0-1*4-3-5*8-14-6-9*,14.206318504190845,0.2432432432432432,0,6.0
127,4-1-2-5-14-6*12-13*3-5-7-9-10-11*0-1*8-14-7-9-10-12*5-7*,13.139909735654417,0.26315789473684215,0,6.0
128,3-5-7-9-10-12*8-14-6-9*1-2-5-7-9-10*0-1-2*4-3-5*11-10-12-13*,13.343004513217279,0.25,0,6.0
129,4-3-11-10-9*1-2-5*5-7*8-14-7-9-13-12*0-1-2*1-3-5-7-9-6*,12.708575112830433,0.28205128205128205,0,6.0
130,2-5-7-14-6-9-10*1-3-5-7*0-1*8-14-7-9-10-12-13*4-3-5-14-6-9-10-11*2-5*,12.861379754996776,0.2727272727272727,0,6.0
131,1-2-5-7-9-10*9-12-10-11*3-5-7-14-6*8-14-6-9-13*2-5-7-9-10-12*0-1-4*,12.586718246292714,0.3023255813953488,0,6.0
132,5-14-7-9-10-11*6-14-5-7-9-10-12*1-3-5-14-7-9*8-14-5-7-9-13*0-1-2-5*1-4-3*,12.449387491940684,0.30434782608695654,0,6.0
133,1-2-5-7-14-6-9-10*2-1-3-5-7-14*0-1-3*8-14-7-9-10-12-13*4-3-5-14-6-9-10-11*4-1-2-5*,11.781431334622823,0.31999999999999995,0,6.0
134,1-3-5-7-9-12*10-12*11-10-9*1-4*0-1-2-5-14-7-9*8-14-6-9-10-12-13*,11.896196002578982,0.31707317073170727,0,6.0
135,1-3-5-7-14-6-9*7-9-10*9-10-11*9-10-12-13*0-1-4-3-5-14-8*3-1-2-5-7-9*,11.887814313346228,0.31818181818181823,0,6.0
136,0-1-2-5-7-9-6-14*2-5-7-14-6-9-10-12*2-5-3-11-10-12-9-13*0-1-4-3-5-7-9-12*8-14-5-7-9-10-12-13*0-1-3-5-7-9-6-14*,10.754352030947775,0.3870967741935484,0,6.0
137,4-1-2-5-14-6-9-7*0-1-3-5-7-14-8*4-3-5-7-9-10-12-13*7-14-5-3-11-10-9-13*0-1-3-5-7-9-10-12*0-1-2-5-3-4*,10.740167633784655,0.38983050847457623,0,6.0
138,0-1-2-5-14-7-9-6*3-11-10-12-13-9-7-14*8-14-7-9*0-1-4-3-5-7-9-10*6-14-5-3-11-10-9-13*0-1-2-5-7-9-13-12*,10.729851708575113,0.4137931034482759,0,6.0
139,5-3-11-10-9-6-14-8*6-9-7-5-3-11-10-12*0-1-2-5-14-6-9-7*4-3-1-2-5-7-14-8*10-11-3-5-7-9-12-13*0-1-4-3-5-7-9-10*,10.623468729851709,0.5161290322580645,0,6.0
140,4-3-5-7-9-10-12-13*0-1-4-3*10-11-3-5-14-6-9-7*0-1-3-5-7-14-6-9*0-1-2-5-7-9-10*11-10-12-13-9-6-14-8*,10.625402965828497,0.4736842105263158,0,6.0
141,5-7-14-6-9-13-12-10*0-1-2-5-7-9*7-5-14-6-9-12-10-11*0-1-3-11-10-9-7-5*0-1-4-3-5-7-9*12-10-9-7-5-14-8*,10.618310767246937,0.5517241379310345,0,6.0
142,1-4-3-5-7-9-10-11*5-3-11-10-9-7-14-6*8-14-5-7-9-13-12-10*0-1-2-5-7-9-10-11*2-1-3-5-14-6-9-10*0-1-2-5-7-9-6-14*,10.63571889103804,0.4516129032258065,0,6.0
143,1-4-3-5-7-9-10-11*5-3-11-10-9-7-14-6*8-14-5-7-9-13-12-10*0-1-2-5-7-9-10-11*2-1-3-5-14-6-9-10*0-1-2-5-7-9-6-14*,10.63571889103804,0.4516129032258065,0,6.0
144,8-14-5-7-9-10-12-13*5-2-1-3-11-10-9-13*0-1-2-5-14-6-9-7*9-7-5-3-11-10-12-13*1-4-3-5-7-9-12-10*4-3-1-2-5-7-9-6*,10.644100580270793,0.4193548387096774,0,6.0
145,6-14-7-9-10-12-13*2-1-3-5-7-9-10-11*0-1-2-5-7-9-6-14*7-5-3-11-10-12-9-13*4-3-1-2-5-7-9-6*8-14-6-9-10-12-13*,10.951644100580271,0.33333333333333337,0,6.0
146,6-14-7-9-12-10*4-3-5-7-9-10-11*0-1-2-5-7-9-6-14*7-5-3-11-10-12-9-13*4-3-1-2-5-7-9-6*8-14-6-9-10-12-13*,10.827852998065763,0.3448275862068966,0,6.0
147,4-3-1-2-5-7-9-6*9-7-5-3-11-10-12-13*4-1-3-5-14-6-9-7*0-1-2-5-7-9-10-11*8-14-5-7-9-10-12-13*8-14-7-9-10-12-13*,10.778207607994842,0.3770491803278688,0,6.0
148,8-14-6-9-10-12-13*2-5-3-11-10-12-9-13*4-1-2-5-7-14-8*0-1-3-5*1-4-3-5-7-9-10-12*6-9-7-14-8*,11.397807865892972,0.3207547169811321,0,7.0
149,1-2-5-7-9-10*5-14*10-12*6-14-8*4-3-11*0-1-3-5-7-9-13*,14.544165054803353,0.2432432432432432,0,7.0
150,0-1-2-5-14-7-9-6*11-10-12-13*8-14*4-3-5-7-9-10*5-3*5-7*,13.228239845261122,0.26315789473684215,0,7.0
151,10-9-7-5*14-6*0-1-4-3-5-7-9*3-11*1-2-5-7*8-14-7-9-10-12-13*,13.703417150225661,0.25,0,7.0
152,4-3-1-2-5-7-9-10*11-10-12*8-14-5*13-12*0-1-3-5-7-9-6*12-13*,13.052869116698904,0.28205128205128205,0,7.0
153,2-5-7-9-6*8-14-6-9-10-12-13*0-1-3-11-10-9-7-5*1-4-3-5-7-14*9-13-12*3-5-7-9-10-11*,12.490651192778852,0.30612244897959184,0,7.0
154,7-14*0-1-2-5-7-9-10-12*11-10-9-13*8-14*4-1-3-5-7-9-6*3-11-10-9*,12.030303030303031,0.31707317073170727,0,7.0
155,6-9-10-12-13*4-3-1-2-5-14*11-3-5-14-6-9-10*0-1-2-5-7-9*8-14-5-7*5-7*,11.982591876208897,0.31818181818181823,0,7.0
156,3-4-1-2-5-14-6-9*1-2-5-3-11-10-9-13*8-14-5-7-9-10-12-13*0-1-2-5-7-9-6-14*2-1-3-5-7-9-12-13*2-1-3-5-14-7-9-10*,10.769181173436493,0.3870967741935484,0,7.0
157,3-4-1-2-5-14-6-9*1-2-5-3-11-10-9-13*8-14-5-7-9-10-12-13*0-1-2-5-7-9-6-14*2-1-3-5-7-9-12-13*2-1-3-5-14-7-9-10*,10.769181173436493,0.3870967741935484,0,7.0
158,11-3-5-14-7-9-10-12*0-1-2-5-7-9-6-14*5-3-11-10-9-6-14-8*0-1-4-3-5-7-9-6*1-3-5-7-9-10-12-13*2-5-14-6-9-10-11*,10.741457124435847,0.4098360655737705,0,7.0
159,7-5-3-11-10-9-12*4-3-1-2-5-7-14-8*8-14-6-9-13-12-10-11*0-1-4-3-5-14-7*0-1-3-5-7-9-10-12*0-1-2-5-14-8*,10.738233397807866,0.4137931034482759,0,7.0
160,1-2-5-14-6-9-10-11*2-5-3-11-10-12-9-7*0-1-2-5-7-14-6-9*4-3-5-7-9-6-14-8*0-1-4-3-5-7-14-6*1-2-5-7-9-13-12-10*,10.626047711154094,0.5161290322580645,0,7.0
161,1-2-5-7-9-6-14-8*10-9-12-13*4-3-5-14-6-9-10-11*10-9-7-5-3-1-4*3-11-10-12-13-9-6*0-1-2-5-7-14-6-9*,10.62669245647969,0.5,0,7.0
162,0-1-3-11-10-9-13-12*2-1-3-5-7-9-10-12*0-1-2-5-7-9-10-12*13-9-10-11-3-5-14-8*0-1-3-5-14-6-9-13*0-1-4-3-11-10-9-6*,10.638297872340425,0.4838709677419355,0,7.0
163,4-1-3-5-7-9-10-11*3-4-1-2-5-7-14-8*3-11-10-12-13-9-7-14*0-1-2-5-7-14-6-9*8-14-6-9-13-12-10-11*0-1-3-5-7-9-12-10*,10.64474532559639,0.4516129032258065,0,7.0
164,4-3-5-7-14-6-9-13*2-1-3-5-7-9-10-12*5-3-11-10-12-13-9-6*2-5-7-14-6-9-10-11*0-1-2-5-7-9-10-12*10-12-13-9-7-5-14-8*,10.695680206318505,0.4193548387096774,0,7.0
165,0-1-2-5-7-9-10-12*3-11-10-12-13-9-7-5*7-5-14-6-9-13-12-10*4-3-5-7-9-6-14-8*2-5-3-1-4*2-5-7-9-10-11-3-4*,10.672469374597034,0.423728813559322,0,7.0
166,4-3-5-7-9-10-12-13*0-1-2-5-7-9-10-12*3-11-10-9-7-5-14-8*4-1-2-5-14-6-9-7*2-1-3-5-7-9-10-11*0-1-4-3-5-7*,10.651192778852353,0.43333333333333335,0,7.0
167,8-14-6-9-10-12-13*2-5-3-11-10-12-9-13*0-1-2-5-7-14-8*0-1-3-5-7-9-10-12*1-4-3-5-7-9-10-12*6-9-7-14-8*,10.952933591231464,0.33333333333333337,0,7.0
168,0-1-2-5-7-9*3-5-7-14-6-9-10-12*2-5-3-11-10-12-9-13*0-1-4-3-5-7*8-14-5-7-9-10-12-13*0-1-3-5-7-9-6-14*,10.86976144422953,0.3448275862068966,0,7.0
169,4-3-1-2-5-7-9-6*6-9-7-5-3-11-10-12*2-1-3-5-14-6-9-7*0-1-2-5-7-9-10-11*8-14-5-7-9-10-11-3*8-14-7-9-10-12-13*,10.809800128949066,0.3770491803278688,0,7.0
170,1-4-3-5-7-9-12-10*8-14-7-9-10-12-13*4-1-2-5*1-3-5-7-14-6-9-13*6-14-5-3-11-10-12-9*0-1-3-5*,11.415215989684075,0.3207547169811321,0,8.0
171,5-7*4-1-2-5-14-6*5-7*0-1-3-11*3-5*8-14-7-9-10-12-13*,14.99290780141844,0.2432432432432432,0,8.0
172,6-9-13-12*1-2-5-7-9-10*0-1-3-5-7*11-3-1-2-5-7-9*8-14-5-3-11*1-4-3*,13.52675693101225,0.2727272727272727,0,8.0
173,0-1-3-5-7-9-10-12*2-5*6-9*9-13*8-14-5-3-11*4-3*,13.756286266924565,0.2571428571428571,0,8.0
174,8-14-6-9*4-3-5-7-9*3-5-7-9-10-12-13*2-5*5-7-9-10-11*0-1-3*,13.869116698903932,0.25,0,8.0
175,0-1-3-5*4-1-2-5-7*9-7*5-3*6-9-10-12-13*8-14-5-7-9-10-11*,13.165699548678273,0.28205128205128205,0,8.0
176,1-3-5-7-9-6*2-5-7-9-13*8-14-6-9-10-12*5-3-11-10-9*0-1-4-3*9-6*,13.125725338491296,0.2857142857142857,0,8.0
177,4-3*11-10-12*7-14*8-14-5-7-9-13*0-1-2-5*3-5-7-14-6-9-10*,13.004513217279175,0.3157894736842105,0,8.0
178,5-14-6-9*9-10-11*1-2-5-7-9-12*0-1-4-3-5-7-9-13*8-14*2-1-3-5*,12.119277885235332,0.31707317073170727,0,8.0
179,2-1-3-5-7-9-10-11*0-1-2-5-7-14-8*0-1-4-3-5-7-9-12*10-12-9-6-14-5-3-11*8-14-7-9-10-12-13*7-5-3-11-10-9-13-12*,10.777562862669246,0.4,0,8.0
180,2-1-3-5-7-9-12-13*9-7-14*0-1-2-5-7-14-6-9*3-1-2-5-7-9-10-12*3-4-1-2-5-7-9-12*8-14-5-3-11-10-9-13*,10.773694390715667,0.4035087719298246,0,8.0
181,1-3-5-7-9-6-14-8*9-10-11-3-5-7-14-6*0-1-2-5-7-9-10-11*1-3-11-10-9-12-13*8-14-6-9-13-12-10-11*4-3-5-7-9-10-12-13*,10.76595744680851,0.4098360655737705,0,8.0
182,13-9-12-10-11-3-5-14*4-1-3-5-7-9-10-12*13-12-10-9-6-14-8*0-1-2-5-7-14-6-9*4-1-2-5-7-9-10-11*8-14-5-7-9-10-11-3*,10.629916183107673,0.5081967213114754,0,8.0
183,9-7-5-2-1-3-11-10*0-1-3-5-14-6-9-13*9-7-5-3-4-1-2*5-7-14-6-9-12-10-11*5-3-11-10-9-6-14-8*0-1-2-5-7-9-12-10*,10.629271437782077,0.639344262295082,0,8.0
184,0-1-2-5-7-14-6-9*8-14-5-3-11-10-12-9*0-1-4-3-5-14-7-9*7-5-14-6-9-13-12-10*4-1-3-5-7-9-10-12*8-14-5-7-9-10-11-3*,10.69825918762089,0.4193548387096774,0,8.0
185,1-2-5-7-9-10-12-13*3-1-2-5-14-6-9-7*7-5-3-11-10-9-13-12*0-1-2-5-7-9-10-12*0-1-4-3-5-14-6-9*0-1-2-5-14-8*,10.653127014829142,0.43333333333333335,0,8.0
186,8-14-5-7-9-12*0-1-3-5-7-14-6-9*3-11-10-9-6-14-8*9-10-12-13*0-1-2-5-3*4-3-5-7-9-10-12*,11.06447453255964,0.33333333333333337,0,8.0
187,8-14-5-7-9-10-12-13*7-5-2-1-4-3-11*3-1-2-5-14-7-9-6*8-14-6-9-13-12-10-11*0-1-3-5-7-9-10-12*0-1-2-5-7-9-12-13*,10.977433913604127,0.34426229508196726,0,8.0
188,7-5-3-11-10-12-13-9*11-3-5-7-14-6-9-13*0-1-2-5*4-3-1-2-5-14-7*8-14-6-9-13-12-10*0-1-3-5-7-9-10-11*,10.926499032882012,0.3571428571428571,0,8.0
189,7-5-3-11-10-12-13-9*11-3-5-7-14-6-9-13*0-1-2-5-3-4*4-3-1-2-5-14-7-9*8-14-6-9-13-12-10-11*0-1-3-5-7-9-10-11*,10.88910380399742,0.3666666666666667,0,8.0
190,0-1-2*4-1-3-5-7-9-10-12*0-1-4-3-5-14-6-9*2-5-3-11-10-9-12-13*0-1-2-5-7-9-6-14*8-14-5-7-9-10-12-13*,10.881366860090264,0.368421052631579,0,8.0
191,10-9-6-14-7-5-3-11*4-3-1-2-5-7-9-13*3-11-10-12-9-6-14-7*8-14-6-9-10*12-13-9-10-11-3-5-14*0-1-3-5-7-9-10-12*,10.936814958091555,0.35593220338983056,0,8.0
192,9-13*1-3-5-7-9-10-12*0-1-2-5-7-9-10-12*13-9-10-11-3-5-14-8*0-1-3-5-14-6-9-13*0-1-4-3-11*,10.829142488716958,0.3846153846153846,0,8.0
193,1-3-5-14-7-9-10-11*0-1-2-5-14-6-9-7*7-5-3-11-10-9-13-12*0-1-4-3-5-14-7-9*8-14-7-9-10-12-13*1-2-5-7-9-6-14-8*,10.833010960670535,0.3770491803278688,0,8.0
194,3-4-1-2-5-7*7-5-14-6-9-10-12-13*0-1-2-5-7-9-13-12*5-2-1-3-11-10-9-7*8-14-7-5-2-1-3*4-1-3-5-7-9-6-14*,10.823984526112186,0.38983050847457623,0,8.0
195,0-1-2*1-3*7-9-10-12-13*8-14-5-7*4-3-5-7-9-10-11*14-6*,15.068987749838813,0.2432432432432432,0,9.0
196,7-14-6*1-3-11*1-2-5-7*0-1-2-5-7-9-13*4-3*8-14-5-7-9-10-12*,14.0,0.25,0,9.0
197,8-14-6-9-10-12*11-10-9*1-3-5-7-9-13-12*4-3-5*0-1*2-5-7-9*,13.538362346872985,0.28205128205128205,0,9.0
198,5-7*0-1-2-5*5-7*4-3-5-7-9-10-12-13*14-8*14-6-9-10-11*,13.278529980657641,0.29729729729729726,0,9.0
199,10-9*4-3-1-2-5-7-9-13*12-13*8-14-7-5-3-11*0-1*3-5-7-14-6-9*,13.164410058027078,0.30000000000000004,0,9.0
200,4-3-5*2-5-7-9-10*0-1-2-5*12-10-9-7*6-14-5-7-9-13*8-14-7-5-3-11*,13.294003868471954,0.2857142857142857,0,9.0
201,14-8*2-5-14-6-9-10-11*5-7-9-10-12-13*0-1-2-5-14*4-3-5-7*1-2-5*,12.156673114119922,0.31707317073170727,0,9.0
202,6-14-7-9-13-12*4-1-3*1-2-5-7*8-14-5*1-2-5-3-11-10-9*0-1-3-5-7-9-10*,12.144422952933592,0.31818181818181823,0,9.0
203,7-5-3-11-10-9-12-13*2-5-3-4-1-0*4-3-1-2-5-7-14-6*8-14-6-9-13-12-10-11*0-1-3-5-7-9-10-12*9-6-14-7-5-3-11-10*,10.815602836879433,0.4,0,9.0
204,7-5-3-11-10-9-12-13*2-5-3-4-1-0*4-3-1-2-5-7-14-6*8-14-6-9-13-12-10-11*0-1-3-5-7-9-10-12*9-6-14-7-5-3-11-10*,10.815602836879433,0.4,0,9.0
205,11-3-1-2-5-7-9-13*4-3-5-7-9-10-12-13*3-4-1-2-5-14-6-9*0-1-2-5-7-14-8*8-14-5-7-9-13-12-10*5-2-1-3-11-10-12-9*,10.787234042553191,0.4098360655737705,0,9.0
206,3-11-10-9-7-5-14-8*11-3-5-7-14-6-9-13*9-7-5-3-11-10-12-13*0-1-3-5-7-14-8*1-4-3-5-7-9-12-13*0-1-2-5-7-9-12-10*,10.63765312701483,0.5081967213114754,0,9.0
207,2-1-3-5-14-6-9-7*5-3-11-10-12-13-9-6*4-1-3-5-7-9-10-12*4-3-5-7-9-6-14-8*0-1-2-5-7-9-12-13*4-3-11-10-9-7-5-2*,10.636363636363637,0.5161290322580645,0,9.0
208,3-11-10-9-7-5-14-8*11-3-5-7-14-6-9-13*9-7-5-3-11-10-12-13*0-1-3-5-7-14-8*1-4-3-5-7-9-12-13*0-1-2-5-7-9-12-10*,10.63765312701483,0.5081967213114754,0,9.0
209,3-11-10-9-7-5-14-8*11-3-5-7-14-6-9-13*9-7-5-3-11-10-12-13*0-1-3-5-7-14-8*1-4-3-5-7-9-12-13*0-1-2-5-7-9-12-10*,10.63765312701483,0.5081967213114754,0,9.0
210,4-1-3-5-7-9-10-11*4-1-2-5-7-14-8*3-11-10-12-13-9-7-14*0-1-2-5-7-14-6-9*8-14-6-9-13-12-10*0-1-3-5*,10.73758865248227,0.4285714285714286,0,9.0
211,1-4-3-5-14-6-9-7*0-1-2-5-7-9-10-12*5-3-11-10-12-13-9-6*8-14-7-5-2-1-3-4*1-2-5-3-11-10-12-9*2-5-14-7-9-10-11-3*,10.745970341715022,0.4193548387096774,0,9.0
212,0-1-2-5-14-7-9-6*3-11-10-12-13-9-7-14*8-14-5-3-1-2*0-1-4-3-5-7-9-10*6-14-5-3-11-10-9-13*0-1-2-5-7-9-13-12*,10.655061250805932,0.43333333333333335,0,9.0
213,2-1-3-5-7-9-10-12*7-5-3-11-10-12-9*0-1-4-3*0-1-2-5-7-14-6-9*8-14-5-7-9-6*6-14-7-9-10-12-13*,11.100580270793037,0.33333333333333337,0,9.0
214,0-1-3-5-7-9-10-12*4-3-1-2-5-7*5-14-6-9-10-11*10-9-13-12*8-14-5-3-11-10-9*0-1-4-3-5-7-9*,10.98581560283688,0.34615384615384615,0,9.0
215,0-1-3-5-7-14-6-9*1-2-5-14-7-9-10-11*7-14-5-3-11-10-9-13*4-3-1-2-5-7-9-12*8-14-6-9-10-12-13*3-1-2-5-7-9-13-12*,11.06254029658285,0.34426229508196726,0,9.0
216,0-1-3-5-7-9-6-14*7-5-14-6-9-12-10-11*8-14-5-7-9*2-5-14-7-9-10-11-3*8-14-6-9-10-12-13*4-3-1-2-5-7-9-13*,10.999355254674404,0.3448275862068966,0,9.0
217,2-1-3-5-7-9-6-14*12-10-9-13*1-2-5-3-11-10-9-6*8-14-5-7-9-12-13*4-3-5-14-6-9-10-12*0-1-2-5-7-9-12-10*,10.894906511927788,0.368421052631579,0,9.0
218,0-1-2-5-3-4*1-2-5-3-11-10-12-9*3-1-2-5-7-14-6-9*8-14-7-9-10-12-13*4-3-5-7-9-6-14-8*0-1-3-5-14-6-9-10*,10.970341715022567,0.35593220338983056,0,9.0
219,2-5-14-7-9-10-11-3*0-1-2-5-7-9-6-14*0-1-4-3-5-7-9-10*0-1-3-11-10-9-12-13*8-14-5-7-9-12-13*3-5-7-14-6-9-13-12*,10.83752417794971,0.3770491803278688,0,9.0
220,4-3-11*7-9-6*2-5*3-5-7*14-7-9-10-12-13*0-1-2-5-14-8*,15.151515151515152,0.2432432432432432,0,10.0
221,3-5-7-9-10*1-4*6-14*0-1-2-5-3-11*5-7-9-10-12-13*8-14-5*,14.291424887169567,0.26315789473684215,0,10.0
222,3-5-7-14-6*3-11*5-7*0-1-2-5-7-9-13*4-3*8-14-5-7-9-10-12*,13.56802063185042,0.28205128205128205,0,10.0
223,14-7-9-10-12-13*4-3-5-7-9*1-2-5*6-14-5-3-11-10*8-14-5-3*0-1*,13.177949709864604,0.30000000000000004,0,10.0
224,1-2*13-9-6*4-1-3-5-7-9-10-11*0-1*8-14-7-9-10-12*5-7*,13.546744036105737,0.29729729729729726,0,10.0
225,5-3-11-10-9*1-2-5-7-9*3-1*14-8*0-1-4-3-5-7-9*14-6-9-10-12-13*,12.64474532559639,0.31707317073170727,0,10.0
226,4-1-3-5-7-14-6-9*9-10-12-13*11-3-1-2-5-7-9-13*0-1-3-5-7-14*8-14*4-3-1-2-5-7-9-13*,12.352030947775628,0.31999999999999995,0,10.0
227,8-14-5-3-11-10-12-9*1-2-5-7-14*4-3-5-7-9-10-12*9-10-12-13*2-5-7-9-6*0-1-4-3*,12.597678916827853,0.3191489361702128,0,10.0
228,0-1-3-5-7-9*3-1-2-5-7-9-10-12*0-1-4-3-5-2*12-13-9-10-11-3-5-14*7-14-6-9-13-12-10-11*0-1-2-5-7-14-8*,10.817537072856222,0.4035087719298246,0,10.0
229,8-14-5-7-9-12-10-11*0-1-3-5-7-14-6-9*5-3-11-10-9-6-14-8*2-5-14-6-9-10-12-13*0-1-2-5-3-4*4-3-5-7-9-10-12-13*,10.823984526112186,0.4,0,10.0
230,0-1-2-5-3-4*0-1-3-5-7-9-13-12*3-5-14-6-9-10-11*3-11-10-9-7-5-14-8*8-14-5-7-9-12-10*4-3-1-2-5-7-9-10*,10.807865892972275,0.4137931034482759,0,10.0
231,6-14-5-7-9-12-10-11*8-14-5-7-9-13-12-10*0-1-4-3-5-7-9-10*0-1-2-5-7-9-10-11*4-3-1-2-5-7-14-6*4-3-5-7-14-6-9-10*,10.64087685364281,0.5161290322580645,0,10.0
232,6-14-5-7-9-12-10-11*8-14-5-7-9-13-12-10*0-1-4-3-5-7-9-10*0-1-2-5-7-9-10-11*4-3-1-2-5-7-14-6*4-3-5-7-14-6-9-10*,10.64087685364281,0.5161290322580645,0,10.0
233,2-1-3-5-7-14-6-9*0-1-2-5-7-9-6-14*3-11-10-12-13-9-6-14*4-3-1-2-5-7-9-13*1-3-11-10-9-6-14-8*8-14-5-7-9-10-12-13*,10.756931012250162,0.4193548387096774,0,10.0
234,2-1-3-5-14-6-9-7*3-11-10-12-13-9-6*4-1-3-5-7-9-10-12*4-3-5-7-9-6-14-8*0-1-2-5-7-9-12-13*4-3-11-10-9-7-5*,10.65892972275951,0.5,0,10.0
235,5-2-1-3-11-10-9-13*5-7-14-6-9-10-12-13*4-1-3-5-7-14-8*0-1-2-5-7-9-10-11*4-3-5-7-9-6-14*7-5-14-6-9-12-10-11*,10.680851063829786,0.43333333333333335,0,10.0
236,0-1-2-5-7-9-10-12*3-5-7-14-6-9-12-13*1-3-5-14-6-9-10-12*5-2-1-3-11-10-9-13*9-7-5-2-1-4-3-11*8-14-6-9-10-12-13*,10.660863958736298,0.4426229508196722,0,10.0
237,5-7-14-6-9-10-12*4-3-1-2-5-7*5-3-11-10-9-7-14-6*0-1-3-5-7-9-10*11-3-1-2-5-7-9-13*8-14-6-9-10-12-13*,11.110251450676982,0.33333333333333337,0,10.0
238,0-1-3-5-7-14-6-9*2-5-14-7-9-10-11-3*7-14-5-3-11-10-9-13*4-3-1-2-5-7-9-12*8-14-6-9-10-12-13*3-1-2-5-7-9-13-12*,11.073500967117988,0.34426229508196726,0,10.0
239,1-4-3-5-7-9-12-10*8-14-7-9-10-12-13*3-4-1-2-5-7-9-10*1-3-5-7-14-6-9-13*6-14-5-3-11-10-12-9*0-1-3-5-2*,11.039974210186976,0.3448275862068966,0,10.0
240,4-3-1-2-5-7-9-10*2-5-3-11-10-9-13-12*1-2-5-14-6-9-10-11*0-1-3-5-7-9*8-14-7-9*0-1-4-3-11-10-9*,11.030303030303031,0.34545454545454546,0,10.0
241,0-1-3-5-7-9-10-12*3-1-2-5-14-6-9-7*4-3-5-14-6-9-10-11*3-4-1-2-5-7-14-8*2-5-3-11-10-9-12-13*8-14-7*,10.938749194068343,0.368421052631579,0,10.0
242,4-3-1-2-5-14-7-9*0-1-2-5-7-9-10-12*4-1-2-5-14-6-9-7*6-14-5-7-9-13-12-10*1-3-11-10-9-7-5*8-14-7-9-10-12-13*,11.003868471953579,0.3666666666666667,0,10.0
243,0-1-3-5-7-9-10-11*1-2-5-7-14-6-9-10*5-3-11-10-12-13-9-6*8-14-7-5-3-11-10-9*2-1-4-3-5-7-9-10*4-3-11-10-12-9-13*,10.847195357833655,0.3770491803278688,0,10.0
244,6-9-10-11*8-14-7-9-10-12-13*1-4*0-1-2*2-5-7*1-3*,15.597678916827853,0.2571428571428571,0,11.0
245,11-10*7-9*8-14-7-9-10-12-13*1-2-5*0-1*4-3-5-7-14-6*,14.530625402965828,0.2777777777777778,0,11.0
246,14-7-9-10-11*4-1-2-5*5-7*8-14-6-9-13*0-1-3*14-7-9-10-12*,15.075435203094777,0.26315789473684215,0,11.0
247,2-1-3-5-7-9-6*8-14*4-1-2-5-7-9-12-13*14-7-9-10*3-11*0-1*,13.577691811734365,0.28205128205128205,0,11.0
248,8-14-6-9*4-3-5-7-9-13-12*5-7*5-3*1-2-5-7-9-10-11*0-1*,13.22695035460993,0.3157894736842105,0,11.0
249,3-11-10-12-13-9*1-3-5-7-9-10-12*0-1-4-3-5-7*2-5*8-14-6-9-10-12*1-4*,13.294003868471954,0.3023255813953488,0,11.0
250,1-3-5-7-9-10-11*2-5-7-9*1-4-3*6-9-10-12-13*5-7-14-8*0-1-3*,13.368149580915539,0.30000000000000004,0,11.0
251,5-7-9*5-14-6-9-10-11*0-1-3-5*8-14-7-9-10-12-13*3-5-2*1-4-3-5*,12.671824629271438,0.31707317073170727,0,11.0
252,4-3-1-2-5-7-9-6*2-5-14-6-9-10-11-3*1-2-5-7-9-10-12-13*8-14-7-9-10-12-13*0-1-2-5-7-14-6-9*8-14-5-3-11-10-9-13*,10.81947130883301,0.4098360655737705,0,11.0
253,4-3-1-2-5-7-9-6*2-5-14-6-9-10-11-3*1-2-5-7-9-10-12-13*8-14-7-9-10-12-13*0-1-2-5-7-14-6-9*8-14-5-3-11-10-9-13*,10.81947130883301,0.4098360655737705,0,11.0
254,4-3-1-2-5-7-9-6*2-5-14-6-9-10-11-3*1-2-5-7-9-10-12-13*8-14-7-9-10-12-13*0-1-2-5-7-14-6-9*8-14-5-3-11-10-9-13*,10.81947130883301,0.4098360655737705,0,11.0
255,5-3-11-10-12-13-9-7*2-5-14-6-9-10-11-3*3-1-2-5-7-14-6-9*0-1-2-5*1-4-3-5-7-9-12-13*8-14-5-7-9-10-11-3*,10.811734364925854,0.4137931034482759,0,11.0
256,2-1-3-5-14-6-9-7*5-3-11-10-12-13-9-6*4-1-3-5-7-9-10-12*4-3-5-7-9-6-14-8*0-1-2-5-7-9-12-13*1-4-3-11-10-9-7-5*,10.649258542875565,0.5161290322580645,0,11.0
257,1-3-5-14-7-9-10-12*0-1-2-5-14-6-9-7*13-9-7-5-3-11-10-12*2-1-4-3-5-7-14-8*0-1-4-3-5-7-9-10*2-5-3-11-10-9-12-13*,10.771115409413282,0.4193548387096774,0,11.0
258,1-3-5-7-9-10-12-13*1-2-5-7-9-6-14-8*0-1-3-5-2*0-1-2-5-7-9-10-12*0-1-4-3-5-14-6-9*4-1-3-11-10-9-7-5*,10.760799484203739,0.423728813559322,0,11.0
259,1-2-5-7-9-13-12-10*4-1-3-5-7-9-10-12*0-1-2-5-14-6-9-7*9-6-14-5-3-11-10-12*0-1-4-3-5-2*8-14-6-9-7-5-3-4*,10.70535138620245,0.43333333333333335,0,11.0
260,2-1-3-11-10-9-7-5*11-3-5-7-14-6-9-12*1-4-3-5-7-9-12-13*8-14-6-9-7-5-2-1*0-1-2-5-7-9-13-12*3-11-10-12-9-6-14-7*,10.673758865248226,0.4516129032258065,0,11.0
261,4-3-5-7-9-6-14-8*6-14-5-7-9-10-11-3*4-1-3-5-7-9-10-11*0-1-2-5-7-9-13-12*1-3-11-10-9-6-14-5*2-5-3-11-10-12-9-6*,10.662153449387493,0.4838709677419355,0,11.0
262,10-9-7-5-2-1-3-11*6-14-5-7-9-10-12-13*0-1-4-3-5-7-9-13*6-14-5-3-11-10-9-12*0-1-2-5-7-14-8*4-3-5-7-14-6-9-10*,10.687943262411348,0.4426229508196722,0,11.0
263,4-3-1-2-5-7-9-10*8-14-6-9-13-12-10*0-1-4-3-5-7-9-13*2-5-3-11-10-9-7*3-5-14-6-9-10-12-13*2-5*,11.136686009026434,0.33333333333333337,0,11.0
264,0-1-3-5-7-9-10-11*1-2-5-7-9-6-14*8-14-5-7-9-10-12-13*2-1-4-3-5-14-7*0-1-2-5-3-4*3-5-7-14-6-9-13-12*,11.043197936814957,0.3448275862068966,0,11.0
265,2-1-3-5-7-9*12-10-9-13*1-2-5-3-11-10-9-6*8-14-5-7-9-12*4-3-5-14-6-9-10-12*0-1-2-5-7-9-12-10*,10.991618310767247,0.37037037037037035,0,11.0
266,11-3-5-7-9-10-12-13*0-1-3-5-7-9*4-3-5-14-7-9-10-11*6-14-5-7-9-13-12-10*4-3-1-2-5-7-9-13*8-14-6-9-7-5-3-11*,11.016118633139909,0.3666666666666667,0,11.0
267,0-1-2-5-14-7-9-6*3-11-10-12-13-9-7-14*8-14*0-1-4-3-5-7-9-10*6-14-5-3-11-10-9-13*0-1-2-5-7-9-13-12*,10.847840103159252,0.3928571428571429,0,11.0
268,0-1-3-5-7-9-10-11*1-2-5-7-14-6-9-10*5-3-11-10-12-13-9-6*8-14-7-5-3-11-10-9*2-1-4-3-5-7-9-10*7-5-3-11-10-12-9-13*,10.859445519019987,0.3870967741935484,0,11.0
269,2-5-7-14-6-9-10-12*4-3-1-2-5-7-9-10*5-3-11-10-9-7-14-6*0-1-3-5-7-9-10-12*11-3-1-2-5-7-9-13*8-14-6-9-10-12-13*,10.958091553836235,0.3770491803278688,0,11.0
270,2-1-3-5-7-9-10-11*2-5-14-6-9-10-12-13*5-3-11-10-9-6-14-7*4-1-2-5-14-6-9-7*8-14-7-9-10-12*0-1-2-5-7-9*,10.876208897485494,0.3793103448275862,0,11.0
271,0-1-4-3*11-3-5-7-9-10-12-13*6-9*2-5*5-7*8-14-7*,15.626047711154094,0.2571428571428571,0,12.0
272,4-3*8-14-5-7-9-10-12*11-3-5-7-9-13*2-5*0-1-3*14-6*,14.622823984526113,0.2777777777777778,0,12.0
273,4-3-1-2*6-9*2-5-7-9-10-12-13*8-14-7*0-1*11-10*,14.289490651192779,0.2941176470588235,0,12.0
274,10-12*4-3-1-2*11-10*0-1-3-5-7-9*5-7*8-14-6-9-10-12-13*,13.68214055448098,0.29729729729729726,0,12.0
275,14-6-9*8-14-7-9-10-12*1-4*0-1*11-3-1-2-5-7-9-13*3-5-2*,13.31076724693746,0.3157894736842105,0,12.0
276,4-3-11-10-9-7*5-7-9-10-12-13*0-1-3-5-7*6-14*8-14-6-9-7*2-5*,13.381689232753063,0.30000000000000004,0,12.0
277,9-10-11*0-1-2-5-7*1-2-5-7*8-14*14-6-9-10-12*4-3-5-7-14-6-9-13*,12.974210186976144,0.31707317073170727,0,12.0
278,11-3-5-14-6-9-10-12*0-1-2-5-7-14-6-9*1-4-3-5-7-9-12-10*1-3-11-10-12-13-9-6*8-14-5-7-9-6*0-1-2-5-3-4*,10.842682140554482,0.4137931034482759,0,12.0
279,0-1-2-5-7-14-6-9*5-3-11-10-9-6-14-7*8-14-7-9-13-12-10-11*0-1-4-3-5-7-9-10*2-5-7-14-6-9-13-12*9-7-5-3-11-10-12-13*,10.77498388136686,0.4193548387096774,0,12.0
280,10-12-13-9-7-5-3-11*0-1-2-5-7-9-10-11*10-11-3-5-14-7-9-13*4-3-1-2-5-7-9-13*9-6-14-7-5-2-1*8-14-7-5-2-1*,10.765312701482914,0.423728813559322,0,12.0
281,0-1-2-5-3-4*0-1-3-5-7-9-13-12*4-3-5-14-6-9-10-11*3-11-10-9-7-5-14-8*8-14-5-7-9-12-10-11*4-3-1-2-5-7-9-10*,10.710509348807221,0.43333333333333335,0,12.0
282,0-1-2-5-3-4*0-1-3-5-7-9-13-12*4-3-5-14-6-9-10-11*3-11-10-9-7-5-14-8*8-14-5-7-9-12-10-11*4-3-1-2-5-7-9-10*,10.710509348807221,0.43333333333333335,0,12.0
283,1-2-5-7-9-10-12-13*3-1-2-5-14-6-9-7*7-5-3-11-10-9-13-12*0-1-2-5-7-9-13*0-1-4-3-5-14-6-9*0-1-2-5-14-8*,10.680851063829786,0.4576271186440678,0,12.0
284,11-10-12-13-9-7-5-14*5-2-1-3-11-10-9-7*8-14-6-9-7-5-3-11*1-4-3-5-14-7-9-6*0-1-2-5-7-14-6-9*2-5-14-6-9-10-12-13*,10.666666666666666,0.4838709677419355,0,12.0
285,11-10-12-13-9-7-5-14*5-2-1-3-11-10-9-7*8-14-6-9-7-5-3-11*1-4-3-5-14-7-9-6*0-1-2-5-7-14-6-9*2-5-14-6-9-10-12-13*,10.666666666666666,0.4838709677419355,0,12.0
286,3-4-1-2-5-7-9-10*3-11-10-9-7-5-14-8*1-3-5-7-9-13-12-10*1-2-5-7-14-6-9-10*0-1-2-5-7-9-12-13*6-9-7-14*,10.704061895551257,0.4482758620689655,0,12.0
287,5-2-1-3-11-10-9-7*2-5-14-6-9-10-12-13*0-1-2-5-7-9-12-13*8-14-5-3-11-10-9-6*1-4-3-5-7-14-6-9*7-5-3-11-10-12-9-13*,10.697614442295293,0.4516129032258065,0,12.0
288,4-3-1-2-5-14-8*8-14-6-9-10-12-13*2-5-14-7-9-10-11-3*2-1-3-5-7-9-13-12*3-11-10-12-13-9-6-14*0-1-4-3-5-7-9-6*,11.30560928433269,0.33333333333333337,0,12.0
289,0-1-3-5-7-14-6-9*2-5-14-7-9-10-11*7-14-5-3-11-10-9-13*4-3-1-2-5-7-9-12*8-14-6-9-10-12*3-1-2-5-7-9-13-12*,11.08381689232753,0.35593220338983056,0,12.0
290,4-1-3-11-10-9-7-5*1-2-5-3-11-10-9-7*10-11-3-5-14-6-9-13*0-1-2-5-7-9*6-14-7-9-10-12-13*8-14-5-7-9-10-11*,11.089619600257898,0.3448275862068966,0,12.0
291,10-9-12-13*0-1-3-5-7-9-13*9-6-14-7-5-3-11-10*9-7-5-2-1-4-3-11*8-14-5-7-9-10-12*5-14-6-9-10-11*,10.995486782720825,0.37037037037037035,0,12.0
292,0-1-2-5-3-4*2-1-3-5-14-6-9-7*2-5-3-11-10-9-12-13*6-14-7-9-13-12-10-11*4-1-3-5-7-9-10-12*8-14-5-7-9-10-12-13*,11.029013539651837,0.3666666666666667,0,12.0
293,11-3-5-14-6-9-10-12*4-1-2-5-7-9-12-13*8-14-7-9-10-12-13*0-1-2-5-3-11-10-9*2-5-7-14-6-9-12-10*0-1-3-5-7-9-10-11*,10.85880077369439,0.4098360655737705,0,12.0
294,2-1-3-5-7-9-10-12*2-5-3-11-10-12-9-7*2-1-4-3-5-7-9-6*0-1-2-5-7-14-6-9*8-14-5-7-9-10-12-13*6-14-7-9-10-12-13*,10.962604771115409,0.3770491803278688,0,12.0
295,11-3-5-14-6-9-10-12*4-1-2-5-7-9-12-13*8-14-7-9*0-1-2-5-3-11-10-9*2-5-7-14-6-9-12-10*0-1-3-5-7-9-10-11*,10.878787878787879,0.3793103448275862,0,12.0
296,12-13*9-10*0-1-3-5-7-14-6*2-5*8-14-5-7-9-13*4-3-11*,14.774339136041263,0.2777777777777778,0,13.0
297,2-5*1-3*8-14-6-9-10*0-1*4-3-11-10-9*1-2-5-7-9-12-13*,13.782076079948421,0.29729729729729726,0,13.0
298,8-14-7-9-13*2-5*9-6*9-10-11*0-1-3-5-7-9-12*4-3*,13.454545454545455,0.3142857142857143,0,13.0
299,7-14-6*9-10-12*11-3-1-2-5-7-9-13*0-1-3*8-14*4-3-1-2-5-7-9*,13.747904577691811,0.30000000000000004,0,13.0
300,11-3-5-7*5-7-9-10-12-13*2-5-14-6-9*8-14*0-1-4-3-5-14-6*1-2-5*,13.008381689232753,0.31707317073170727,0,13.0
301,1-3-5-7-14-6-9-13*10-11-3-5-7-9-12-13*0-1-2-5-3-11-10-9*8-14-5-7-9-10-12-13*9-7-5-2-1-4-3-11*0-1-3-4*,10.85170857511283,0.4137931034482759,0,13.0
302,1-2-5-7-9-10-11-3*0-1-2-5-7-9-6-14*0-1-4-3-5-7-9-10*3-5-7-14-6-9-13-12*8-14-5-7-9-10-12-13*5-3-11-10-9-7-14-8*,10.785944551901999,0.4193548387096774,0,13.0
303,0-1-3-5-7-9-10-11*0-1-4-3-5-14-8*7-5-3-11-10-12-9-13*0-1-2-5-14-6-9-7*0-1-3-4*1-4-3-5-7-9-12-13*,10.720825274016763,0.4385964912280702,0,13.0
304,0-1-3-5-7-9-10-11*0-1-4-3-5-14-8*7-5-3-11-10-12-9-13*0-1-2-5-14-6-9-7*0-1-3-4*1-4-3-5-7-9-12-13*,10.720825274016763,0.4385964912280702,0,13.0
305,4-3-5-7-9-10-12-13*0-1-2-5-7-9-6-14*3-11-10-9-7-5-14-8*4-1-2-5-14-6-9-7*2-1-3-5-7-9-10-11*0-1-4-3-5-2*,10.724049000644746,0.43333333333333335,0,13.0
306,0-1-3-5-7-9-10-11*0-1-4-3-5-14-8*7-5-3-11-10-12-9-13*0-1-2-5-14-6-9-7*0-1-3-4*1-4-3-5-7-9-12-13*,10.720825274016763,0.4385964912280702,0,13.0
307,4-1-3-5-7-9-10-11*3-4-1-2-5-7-14-8*3-11-10-12-13-9-7-14*0-1-2-5-7-14-6-9*8-14-6-9-13-12-10-11*0-1-3-5-2*,10.686653771760154,0.4576271186440678,0,13.0
308,4-3-5-7-9-6-14-8*4-1-2-5-7-9-12-10*1-2-5-3-11-10-9-6*0-1-2-5-7-14-6-9*0-1-3-5-7-9-12-13*1-3-5-14-7-9-10-11*,10.66795615731786,0.4838709677419355,0,13.0
309,2-5-3-11-10-12-9-6*4-1-3-5-14-6-9-7*8-14-5-7-9-12-10-11*10-11-3-5-7-9-13-12*0-1-2-5-7-9-12-10*4-3-5-14-6-9-10-11*,10.714377820760799,0.4516129032258065,0,13.0
310,2-5-3*2-1-3-5-14-7-9-6*8-14-6-9-10-12-13*0-1-2*5-2-1-4-3-11-10-9*0-1-2-5-7-9-12-13*,11.350741457124435,0.33333333333333337,0,13.0
311,1-3-11-10-9-7-5-14*0-1-4-3-5-14-7-9*3-1-2-5-14-7-9-6*2-5-7-9-13-12-10-11*8-14-6-9-10-12-13*2-1-3-5-7-9-10-11*,11.307543520309478,0.34426229508196726,0,13.0
312,1-3-11-10-9-7-5-14*0-1-4-3-5-14-7-9*3-1-2-5-14-7-9-6*2-5-7-9-13-12-10-11*8-14-6-9-10-12-13*2-1-3-5-7-9-10-11*,11.307543520309478,0.34426229508196726,0,13.0
313,4-3-1-2-5-14-7*0-1-2-5-7-9-10-12*4-1-2-5-14-6-9-7*6-14-5-7-9-13*3-11-10-9-7-5*8-14-7-9-10-12-13*,11.088330109606705,0.3571428571428571,0,13.0
314,10-11-3-5-14-7-9-13*2-1-3-5-7-9*11-10-12-13-9-6-14-7*8-14-6-9-7-5-3-11*0-1-2-5-14-8*4-3-1-2-5-7-9-10*,11.090909090909092,0.3448275862068966,0,13.0
315,2-5-3-11-10-12-9-7*2-1-3-5-7-9-12-13*8-14-7-9-13-12-10-11*7-5-14-6-9-13-12-10*0-1-4-3-5-7-9-10*0-1-2-5-14-8*,11.033526756931012,0.3666666666666667,0,13.0
316,4-3-1-2-5-7-9-12*2-5-7-14-6-9-10-11*8-14-5-3-11-10-9-12*0-1-3-5-7-9-13-12*7-5-3-11-10-9-12*6-14-5-7-9-10-12-13*,10.9819471308833,0.3770491803278688,0,13.0
317,3-11-10-9-7-5*0-1-3-5-14-6-9-10*0-1-4-3-5-7-9-12*9-7-5-2-1-3-11*3-1-2-5-7-9-12-13*8-14-7-9-10-12-13*,10.938104448742747,0.3793103448275862,0,13.0
318,0-1-3-5-7-9-10-11*0-1-2-5-7-9-6-14*8-14-5-7-9-10-12-13*2-1-4-3-5-14-7-9*0-1-2-5-7-9-10-12*3-5-7-14-6-9-13-12*,10.894261766602192,0.3870967741935484,0,13.0
319,6-14-7-9-10-12-13*1-4-3-5-7-9-6-14*4-3-1-2-5-7-9-12*6-14-5-3-11-10-9-13*8-14-5-3-11-10-9-12*0-1-3-5-7-9-10-12*,10.88201160541586,0.4098360655737705,0,13.0
320,5-2-1-3-11-10-9-7*2-5-14-6-9-10-12-13*0-1-2-5-7-9*8-14-5-3-11-10-9-7*2-1-4-3-5-7-14*11-10-12-9-13*,10.885880077369439,0.3928571428571429,0,13.0
321,0-1-3-5*8-14-5-7-9-10-12-13*4-3-1-2*3-11*5-7*14-6*,14.996776273372019,0.2777777777777778,0,14.0
322,6-14-7-9-13-12*4-1*5-7*8-14*2-5-3-11*0-1-3-5-7-9-10*,13.787234042553191,0.29729729729729726,0,14.0
323,9-10-12*3-11*5-7*0-1-2-5*4-3-5-7-9-6-14-8*9-13*,13.735654416505481,0.3142857142857143,0,14.0
324,0-1-2-5*7-9*11-3*4-3-5-7-9-10-12-13*5-7-9-6-14-8*2-5*,13.468729851708575,0.3157894736842105,0,14.0
325,2-5-3-1*2-5-14-6-9*12-9-7-5*8-14*0-1-3-11*4-3-5-7-9-10-12-13*,13.038039974210188,0.31707317073170727,0,14.0
326,0-1-2-5-3-4*0-1-2-5-7-9-10-12*6-14-7-9-12-13*1-4-3-11-10-9-7-5*3-5-14-6-9-10-12-13*1-3-11-10-9-6-14-8*,10.878143133462283,0.4137931034482759,0,14.0
327,2-1-3-5-14-6-9-10*4-1-2-5-7-9-6-14*11-10-12-9-7-5-14-6*0-1-3-11-10-9-13-12*0-1-2-5-7-9-12-13*8-14-7-9-13-12-10-11*,10.80528691166989,0.4193548387096774,0,14.0
328,0-1-2-5-7-9-6-14*1-3-11-10-9-6-14-5*8-14-5-7-9-10-12-13*3-4-1-2-5-7-9-12*0-1-2-5-7*0-1-4-3-5-7-9-10*,10.802707930367506,0.423728813559322,0,14.0
329,5-3-11-10-12-13-9-7*1-2-5-14-6-9-10-11*3-1-2-5-7-14-6-9*0-1-2-5-3-4*1-4-3-5-7-9-12-13*8-14-5-7-9-10-11-3*,10.760154738878143,0.43333333333333335,0,14.0
330,0-1-3-4*0-1-2-5-7-9-6-14*11-3-5-14-6-9-10-12*8-14-6-9-7-5-3-11*7-5-3-11-10-9-13-12*0-1-4-3-5-7-9-6*,10.734364925854287,0.4482758620689655,0,14.0
331,0-1-2-5-7-9-12-10*3-5-7-14-6-9-12-13*1-3-5-14-6-9-10-12*5-2-1-3-11-10-9-13*9-7-5-2-1-4-3-11*8-14-6-9-10-12-13*,10.738878143133462,0.4426229508196722,0,14.0
332,10-12-13-9-7-5-3-11*3-4-1-2-5-7-9*3-11-10-9-6-14-7-5*5-7-9-6-14-8*0-1-2-5-7-9-12-13*1-3-5-14-6-9-10-12*,10.695680206318505,0.4576271186440678,0,14.0
333,10-12-13-9-7-5-3-11*11-3-4-1-2-5-7-9*3-11-10-9-6-14-7-5*1-3-5-7-9-6-14-8*0-1-2-5-7-9-12-13*1-3-5-14-6-9-10-12*,10.686009026434558,0.4838709677419355,0,14.0
334,2-1-3-5-7-9-10-11*3-4-1-2-5-7-9*1-2-5-7-9-6-14-8*11-3-5-14-6-9-10-12*10-12-13-9-7-5-14-6*0-1-2-5-7-14-6*,10.669245647969053,0.5,0,14.0
335,6-14-7-5-3-11-10-9*2-1-3-5-7-9-10-12*11-3-1-2-5-7-9-13*0-1*4-3-5-14-6-9-7*8-14-6-9*,11.386847195357834,0.33333333333333337,0,14.0
336,10-11-3-5-14-7-9-13*2-1-3-5*11-10-12-13-9-6-14*8-14-6-9-7-5-3-11*0-1-2-5-14-8*4-3-1-2-5-7-9-10*,11.125725338491296,0.34545454545454546,0,14.0
337,1-4-3-5-7-9-12-10*8-14-7-9-10-12-13*4-1-2-5-7-9*1-3-5-7-14-6-9-13*6-14-5-3-11-10-12-9*0-1-3-5-2*,11.121212121212121,0.3571428571428571,0,14.0
338,3-1-2-5-7*1-2-5-3-11-10-12-9*3-1-2-5-7-14-6-9*8-14-7-9-10-12-13*4-3-5-7-9-6-14-8*0-1-3-5-14-6-9-10*,11.161186331399097,0.3448275862068966,0,14.0
339,10-11-3-5-14-7-9-13*2-1-3-5-7-9-6-14*11-10-12-13-9-6-14-5*8-14-6-9-7-5-3-11*0-1-2-5-14-8*4-3-1-2-5-7-9-10*,11.050934880722115,0.3666666666666667,0,14.0
340,4-3-1-2-5-14-7-9*0-1-2-5-7-9-10-12*4-1-2-5-14-6-9-7*6-14-5-7-9-13-12-10*1-3-11-10-9-7-5-2*8-14-7-9-10-12-13*,11.003868471953579,0.3770491803278688,0,14.0
341,4-1-3-5-14-6-9-7*8-14-5-7-9-13-12-10*4-3-5-14-7-9-10-11*0-1-2-5-7-9-10-12*0-1-3-4*3-1-2-5-7-9-10-11*,10.93939393939394,0.3793103448275862,0,14.0
342,8-14-5-7-9-10-12-13*2-5-3-11-10-9-12-13*4-3-5-7-9-6-14-8*0-1-3-5-7-9-10-11*0-1-2-5-14-8*0-1-4-3-5-7-9-13*,10.902643455834944,0.4,0,14.0
343,6-9*11-3-5-7*4-1-2-5*8-14-7-9-10-12*0-1*9-13*,15.78401031592521,0.2941176470588235,0,15.0
344,6-14*10-11*1-4-3-5*8-14-7-9-10-12-13*0-1*2-5-7-9-10*,15.862024500322372,0.2777777777777778,0,15.0
345,3-11-10-12*1-3*8-14-5*5-7-9-13*0-1-2*4-3-5-14-6-9-10*,14.063829787234043,0.29729729729729726,0,15.0
346,3-5-7*10-9-13*2-5-3-11*8-14-5-7*4-3-5-14-6-9-10-12*0-1-2-5*,13.787234042553191,0.30000000000000004,0,15.0
347,8-14-5*4-3-5-7-14-6-9-13*0-1-2*7-9-10-12*2-5-7-14*10-11*,13.482914248871696,0.3157894736842105,0,15.0
348,7-9-10-12-13*1-3-5-7-9-6*5-3-11*6-14-8*1-4-3*0-1-2-5-7-9-12*,13.041263700838169,0.31707317073170727,0,15.0
349,4-1-3-5-7-9-12-13*5-7-14-6-9-13-12-10*0-1-3-11-10*8-14-6-9-10-12-13*0-1-2-5-7-9-10-11*5-2-1-3-11-10-9-6*,10.883301096067054,0.4137931034482759,0,15.0
350,5-2-1-3-11-10-9-13*4-1-3-5-14-6-9-7*0-1-2-5-7-9-10-12*5-7-14-6-9-10-12-13*8-14-6-9-13-12-10-11*8-14-7-9-13-12-10-11*,10.81624758220503,0.4193548387096774,0,15.0
351,7-5-3-11-10-12-13-9*0-1-3-5-7-9-10-12*0-1-4-3-5-7-14-6*0-1-2-5-7-9-6*8-14-6-9-10-12-13*12-9-7-5-3-1-4*,10.803997421018698,0.423728813559322,0,15.0
352,1-4-3-5-7-9-10-11*0-1-2-5-7-9-10-11*6-9-7-5-14-8*3-5-14-6-9-10-12-13*4-1-2-5-3-11-10-9*2-1-3-5-7-9-12-13*,10.775628626692457,0.43333333333333335,0,15.0
353,5-7-14-6-9-12-10-11*5-2-1-3-11-10-9-12*0-1-2-5-7-14-8*0-1-3-5-7-9-10-12*0-1-4-3-5-7-9-6*1-2-5-7-9-10-12-13*,10.759509993552546,0.4426229508196722,0,15.0
354,0-1-2-5-7-14-6-9*5-3-11-10-9-6-14-7*8-14-7-9-13-12-10-11*0-1-4-3-5-7-9-10*3-5-7-14-6-9-13-12*9-7-5-3-11-10-12-13*,10.745325596389426,0.4516129032258065,0,15.0
355,3-4-1-2-5-7-9-10*3-11-10-9-7-5-14-8*1-3-5-7-9-13-12-10*1-2-5-7-14-6-9-10*0-1-2-5-7-9-12-13*6-9-7-14-5*,10.704061895551257,0.4576271186440678,0,15.0
356,3-4-1-2-5-7-9-10*3-11-10-9-7-5-14-8*1-3-5-7-9-13-12-10*1-2-5-7-14-6-9-10*0-1-2-5-7-9-12-13*6-9-7-14-5-2-1-3*,10.69116698903933,0.4838709677419355,0,15.0
357,4-3-5-7-9-13-12-10*2-1-3-11-10-9-7-5*4-1-2-5-7-9-6-14*0-1-2-5-7-9-13-12*6-9-7-5-14-8*6-14-7-5-3-11-10-9*,10.682785299806577,0.5,0,15.0
358,9-6-14-5-2-1-3-11*0-1-3-5-7-9-13-12*6-9-7-5-3-4-1-2*5-2-1-3-11-10-9-6*0-1-2-5-7-14-8*3-11-10-12-9-7-5-14*,10.669245647969053,0.6065573770491803,0,15.0
359,4-3-5-7-9-13-12-10*2-1-3-11-10-9-7-5*4-1-2-5-7-9-6-14*0-1-2-5-7-9-13-12*6-9-7-5-14-8*6-14-7-5-3-11-10-9*,10.682785299806577,0.5,0,15.0
360,4-3-5-7-9-13-12-10*2-1-3-11-10-9-7-5*4-1-2-5-7-9-6-14*0-1-2-5-7-9-13-12*6-9-7-5-14-8*6-14-7-5-3-11-10-9*,10.682785299806577,0.5,0,15.0
361,8-14-5-7-9-12-10-11*0-1-3-5-14-6-9-10*2-5-3-1-4*6-14-7-9-13-12-10-11*4-3-1-2-5-7-9*3-5-7-9-10-12-13*,11.401031592520955,0.33333333333333337,0,15.0
362,1-3-5-7-14-6-9*0-1-2-5-7-9-6-14*3-11-10-12-13-9-6-14*4-3-1-2-5-7*6-14-8*8-14-5-7-9-10*,11.151515151515152,0.34615384615384615,0,15.0
363,4-3-11-10-9-7-5-14*1-2-5-7-9-10-12-13*0-1-3-5-7-9-10-11*6-14-7-9*8-14-6-9-7-5-3-11*2-5-14-7-9-10-11-3*,11.338491295938104,0.3448275862068966,0,15.0
364,4-3-1-2-5*2-5-7-14-6-9-10-11*8-14-5-3-11-10-9-12*0-1-3-5-7-9-13*5-3-11-10-9-12*6-14-5-7-9-10-12*,11.26950354609929,0.34545454545454546,0,15.0
365,4-1-2-5-7-9-12-10*1-3-5-14-6-9-10-11*4-3-1-2-5-14-8*9-13-12-10-11-3-5-14*0-1-3-4*8-14-5-7-9-10-12-13*,11.10896196002579,0.368421052631579,0,15.0
366,10-12-13-9-7-5-14*2-1-3-5-7*0-1-2-5-7-9-12-13*0-1-4-3*8-14-6-9-7-5-3-11*4-1-2-5-7-9-10-11*,11.073500967117988,0.37037037037037035,0,15.0
367,4-1-2-5-7-9-12-10*1-3-5-14-6-9-10-11*4-3-1-2-5-14-8*9-13-12-10-11-3-5-14*0-1-3-4*8-14-5-7-9-10-12-13*,11.10896196002579,0.368421052631579,0,15.0
368,4-1-2-5-7-9-12-10*1-3-5-14-6-9-10-11*4-3-1-2-5-14-8*9-13-12-10-11-3-5-14*0-1-3-4*8-14-5-7-9-10-12-13*,11.10896196002579,0.368421052631579,0,15.0
369,0-1-3-5-7-9-6-14*7-5-14-6-9-12-10-11*8-14-6-9-13-12-10-11*2-5-14-7-9-10-11-3*8-14-6-9-10-12-13*4-3-1-2-5-7-9-13*,11.066408768536428,0.3770491803278688,0,15.0
370,3-4-1-2-5*7-5-14-6-9-10-12*0-1-2-5-7-9-13-12*5-2-1-3-11-10-9-7*8-14*4-1-3-5-7-9-6-14*,10.93939393939394,0.3846153846153846,0,15.0
371,1-3-5-7-14-6-9-10*0-1-2-5-7-9-6-14*3-11-10-12-13-9-6-14*4-3-1-2-5-7-9-10*12-9-6-14-8*8-14-5-7-9-10-12*,10.947775628626692,0.3793103448275862,0,15.0
372,4-1-2-5-14-6-9-7*3-11-10-12-9-7-14-8*13-12-9-10-11-3-5-14*0-1-2-5-7-9-12-13*4-3-5-7-14-6-9-13*6-14-7-9-10-12*,10.903288201160542,0.4,0,15.0
373,4-3-11-10*1-2*5-7*8-14-7-9-13-12*0-1*1-3-5-7-9-6*,17.407479045776917,0.2777777777777778,0,16.0
374,0-1-2-5-7-9-10-12*2-1-3-5-7-14-6-9*11-3-5-7-9-10-12-13*8-14-5-7-9-10-12-13*1-4-3-5-7-9-10-11*7-5-14-6-9-12-10-11*,10.691811734364926,0.4838709677419355,0,16.0
375,4-3-5-14-6*3-11*8-14*0-1-2*14-7-9-10-12-13*2-5*,16.910380399742102,0.2941176470588235,0,16.0
376,0-1-2-5-3-4*11-3*5-7-9-12*8-14-7*6-9*5-7-9-10-12-13*,14.098646034816248,0.29729729729729726,0,16.0
377,1-2-5-14-7-9*11-10*8-14*0-1-4-3-5-7-9-10*6-14-5*2-5-7-9-13-12*,13.050290135396517,0.31707317073170727,0,16.0
378,3-1-2-5-7-9-6*8-14-6-9-10-12-13*0-1-3-11-10-9-7-5*2-1-4-3-5-7-14*7-9-13-12*1-3-5-7-9-10-11*,11.449387491940684,0.33333333333333337,0,16.0
379,6-14*7-9*3-5-14-6-9-10-11*0-1*4-1-2-5*8-14-7-9-10-12-13*,13.508059316569955,0.3157894736842105,0,16.0
380,1-3-5-7-9-10-11*2-5*4-3*14-6-9-10-12-13*14-8*0-1*,13.956157317859445,0.3142857142857143,0,16.0
381,1-2-5-3-11-10-9-6*2-1-3-5-14-8*11-3-5-14-6-9-10-12*0-1-2-5-7-9-6-14*0-1-4-3-5-7-9-12*5-3-11-10-12-13-9-6*,10.718891038039974,0.4666666666666667,0,16.0
382,6-14-5-7-9-13-12*1-3-5-7-9-10-12*2-5-3-11-10-12-9*2-5-3-1-4*0-1-2-5-7-9-13-12*8-14-6-9-10-12*,11.095422308188265,0.37037037037037035,0,16.0
383,8-14-5-3-11-10-9-13*6-14-7-9-10-12-13*4-1-2-5-3-11-10-9*0-1-2-5-7-14-6-9*4-1-2-5-7-9-10-12*4-3-1-2-5-7-9-12*,10.903932946486139,0.4098360655737705,0,16.0
384,4-3-11-10-9-7-5*0-1-3-5-14-6-9-10*0-1-4-3-5-7-9-12*9-7-5-2-1-3-11-10*3-1-2-5-7-9-12-13*8-14-7-9-10-12-13*,10.915538362346872,0.4,0,16.0
385,11-3-5-7-9-10-12*0-1*5-14-7-9-10*5-7-9-13*4-3-1-2*8-14-6-9-7-5-3*,13.999355254674404,0.3023255813953488,0,16.0
386,4-3-1-2-5-7-9-13*5-2-1-3-11-10-9-13*3-5-14-7-9-10-12-13*3-5-7-14-6-9-10-12*0-1-4-3-5-2*8-14-5-7-9-6*,11.34816247582205,0.3448275862068966,0,16.0
387,11-3-5-14-6-9-10-12*0-1-2-5-7-9-10*4-3-1-2-5-7-9-10*1-2-5-7-9-10-12-13*8-14-5*9-7-5-2-1-3-11-10*,11.157962604771116,0.3571428571428571,0,16.0
388,8-14-6-9-13-12-10-11*4-1-2-5-7-9-12-10*4-3-1-2-5-7-14-6*9-7-5-3-11-10-12-13*0-1-3-5-7-9-10-11*2-5-3-11-10-12-9-7*,10.822695035460994,0.4193548387096774,0,16.0
389,0-1-2-5-7-14-6-9*6-14-5-7-9-12-13*3-11-10-9-6-14-5-7*0-1-4-3-5-2*8-14-6-9-13-12-10-11*1-4-3-5-7-9-10-12*,10.747259832366215,0.4576271186440678,0,16.0
390,7-5-14-6-9-10*0-1-2-5*6-14-7-5-3-11-10-9*2-1-3-5-7-9-12-13*8-14-5-7-9-10-12*4-3-5-14-7-9-10-11*,11.272727272727273,0.34545454545454546,0,16.0
391,0-1-2-5-14-8*4-3-11-10-9-6-14-8*1-3-5-14-7-9-10-12*0-1-4-3-5-7-9-6*0-1-2-5-7-9-12-13*1-3-5-14-7-9-10-12*,10.808510638297872,0.43333333333333335,0,16.0
392,7-5-14-6-9-10-12-13*10-11-3-5-7-9-12-13*0-1-2-5-3-11-10-9*8-14-7-9-13*2-5-3-11-10-12-13-9*4-1-3-5-7-9-10-12*,11.181173436492585,0.35593220338983056,0,16.0
393,5-2-1-4-3-11-10-9*10-11-3-5-7-9-6-14*4-1-2-5-7-9-10-12*8-14-6-9-10-12*0-1-2-5-14-6-9-7*5-3-11-10-12-13-9*,10.814958091553835,0.423728813559322,0,16.0
394,10-9-7-5-2-1-3-11*0-1-2-5-7-9-12-13*0-1-4-3-5*6-14-7-9-13-12-10-11*8-14-5-7-9-13-12-10*1-2-5-7-14-6-9-10*,10.949709864603483,0.38983050847457623,0,16.0
395,4-1-3-5-14-7-9-6*0-1-2-5-7-9-12-10*6-14-7-5-3-11-10-9*2-5-14-6-9-10-12-13*4-3-5-7-9-6-14-8*3-5-7-14-6-9-12-10*,10.75886524822695,0.4516129032258065,0,16.0
396,0-1-3-5-7-9-10-12*2-5-7-14-6-9-10-12*4-1-2-5-7-14-6-9*8-14-7-9-10-12-13*6-9-7-14-5-3-11-10*0-1-4-3-5-7-14-6*,11.067053513862025,0.3770491803278688,0,16.0
397,2-1-3-5-7-9-12-13*2-5-14-7-9-13-12-10*9-6-14-7-5-3-11-10*3-4-1-2-5-7*0-1-2-5-7-9-12-13*8-14-6-9-10-12*,10.979368149580916,0.3793103448275862,0,16.0
398,4-3-5-7-9-6-14-8*4-1-2-5-7-9-12-10*1-2-5-3-11-10-9-6*0-1-2-5-7-14-6-9*9-12-13*1-3-5-14-7-9-10-11*,10.778207607994842,0.4385964912280702,0,16.0
399,0-1-3-5-14-6-9-10*13-9-10-11-3-5-7-14*1-2-5-3*0-1-2-5-7-9-10-12*0-1-4-3-5-7*5-7-9-6-14-8*,10.767246937459703,0.4444444444444444,0,16.0
