35_5_Mumford3_SA_Obj_dis RESULTS EVALUATION:
\
HV:0.8520 | BM:0.0000

\
	Operator	Passenger
\
f1_ATT	38.0837		27.8477
\
f2_TRT	0		0
\
d_0	19.6214		50.0065
\
d_1	47.7078		49.6248
\
d_2	27.4166		0.3687
\
d_un	5.2541		0.0000

\
Best Operator Route set:
\
[[20, 32, 60, 73, 48, 2, 49, 66, 80, 63, 58, 104, 18, 109],
[85, 92, 126, 26, 11, 1, 118, 52, 89, 59, 43, 69, 109],
[10, 117, 24, 5, 29, 27, 67, 11, 7, 40, 50, 13],
[35, 91, 88, 101, 0, 79, 2, 23, 53, 61, 87, 84, 56, 3, 71, 100, 96],
[34, 56, 3, 78, 114, 2, 49, 66, 80, 63, 105, 104, 59, 89, 51, 38, 47, 31, 52, 122, 94, 81, 9, 70],
[10, 86, 24, 36, 9, 72, 49, 2, 48, 126, 92, 76],
[83, 50, 116, 93, 88, 39, 31, 89, 113, 43, 69, 109],
[45, 73, 48, 97, 11, 1, 118, 52, 89, 17, 64, 111],
[75, 60, 73, 48, 0, 77, 1, 118, 52, 89, 42, 98],
[99, 55, 16, 62, 112, 6, 73, 48, 2, 49, 124, 9, 63, 105, 104, 18, 109],
[57, 8, 35, 125, 88, 101, 0, 79, 37, 23, 53, 61, 87, 110, 84, 56, 15, 107, 3, 115, 108, 14, 106],
[19, 92, 126, 26, 11, 1, 118, 52, 89, 113, 90, 103],
[20, 50, 65, 82, 88, 39, 31, 89, 42, 43, 69, 109],
[34, 56, 12, 78, 114, 2, 79, 0, 101, 88, 91, 123, 125, 121, 25, 41, 30, 54, 33],
[10, 117, 24, 5, 80, 81, 67, 11, 7, 40, 50, 13],
[4, 43, 113, 89, 52, 118, 1, 11, 26, 126, 92, 76],
[28, 42, 89, 52, 118, 1, 11, 97, 48, 73, 60, 75],
[21, 22, 30, 39, 46, 11, 2, 114, 78, 3, 56, 34, 68],
[19, 32, 60, 73, 48, 2, 49, 124, 9, 36, 24, 86, 109],
[10, 117, 24, 36, 80, 66, 49, 2, 48, 126, 92, 20],
[6, 73, 48, 0, 11, 1, 118, 52, 89, 17, 64, 111],
[76, 92, 126, 26, 11, 1, 118, 52, 89, 42, 90, 103],
[74, 114, 16, 55, 60, 73, 48, 2, 49, 72, 9, 63, 58, 104, 18, 109],
[32, 60, 73, 48, 2, 49, 72, 9, 5, 24, 86, 109],
[10, 86, 24, 36, 9, 72, 49, 2, 48, 126, 92, 83],
[10, 117, 24, 36, 9, 72, 49, 2, 48, 126, 92, 76],
[20, 32, 60, 73, 48, 2, 49, 124, 9, 5, 24, 86],
[69, 43, 113, 89, 52, 118, 1, 11, 26, 126, 92, 76],
[19, 32, 60, 73, 48, 2, 49, 72, 9, 36, 24, 86],
[45, 73, 48, 0, 11, 1, 118, 52, 89, 17, 64, 111],
[10, 117, 24, 36, 80, 66, 49, 2, 48, 73, 60, 75],
[10, 86, 24, 36, 9, 124, 49, 2, 48, 73, 60, 32],
[10, 117, 24, 36, 80, 66, 49, 2, 48, 126, 92, 50, 65, 120, 44],
[85, 92, 126, 26, 11, 1, 118, 52, 89, 42, 43, 69, 109],
[18, 104, 105, 63, 80, 66, 49, 2, 48, 73, 60, 32, 19],
[10, 86, 24, 5, 80, 66, 49, 2, 48, 126, 92, 13],
[20, 92, 126, 26, 11, 1, 118, 52, 89, 42, 43, 69, 109],
[10, 117, 24, 36, 80, 66, 49, 2, 48, 126, 92, 83],
[32, 60, 73, 48, 2, 49, 72, 9, 63, 105, 43, 103],
[20, 92, 126, 48, 2, 49, 66, 80, 36, 24, 86, 109],
[18, 104, 105, 63, 9, 124, 49, 2, 48, 73, 60, 32, 20],
[76, 50, 40, 82, 88, 39, 31, 89, 42, 43, 69, 109],
[20, 32, 60, 73, 48, 2, 49, 72, 9, 36, 24, 117],
[69, 43, 105, 63, 9, 124, 49, 2, 48, 73, 60, 75],
[20, 92, 126, 26, 11, 1, 118, 52, 89, 59, 43, 103],
[20, 92, 126, 26, 11, 1, 118, 52, 89, 113, 43, 109],
[20, 50, 116, 93, 88, 39, 31, 89, 113, 43, 69, 109],
[10, 86, 24, 36, 29, 27, 67, 11, 26, 40, 50, 13],
[19, 32, 60, 73, 48, 2, 11, 46, 39, 30, 22, 119],
[13, 83, 92, 126, 48, 2, 49, 124, 9, 5, 24, 86],
[102, 24, 86, 18, 104, 58, 63, 9, 72, 49, 2, 48, 73, 60, 32, 20],
[20, 32, 60, 73, 48, 2, 49, 66, 80, 63, 105, 104, 18, 109],
[95, 13, 50, 92, 126, 48, 2, 49, 72, 9, 5, 24, 86],
[20, 32, 60, 73, 48, 2, 49, 124, 9, 63, 58, 104, 18, 109],
[20, 32, 60, 73, 48, 2, 49, 124, 9, 36, 24, 86, 109],
[20, 50, 40, 93, 88, 39, 31, 89, 42, 43, 69, 109],
[10, 86, 24, 36, 29, 81, 1, 11, 26, 40, 50, 13],
[10, 86, 24, 36, 80, 66, 49, 2, 48, 126, 92, 83],
[4, 43, 42, 89, 52, 118, 1, 11, 26, 126, 92, 85],
[76, 50, 116, 93, 88, 39, 31, 89, 59, 43, 69, 109]]

\
Best Passenger Route set:
\
[[47, 54, 30, 22, 119, 21, 35, 123, 95, 13, 83, 92, 126, 32, 112, 62, 16, 114, 2, 11, 1, 118, 52, 31, 33],
[99, 73, 48, 2, 23, 72, 9, 63, 36, 24, 86, 117, 18, 104, 105, 58, 5],
[43, 103, 18, 104, 59, 89, 52, 118, 67, 77, 0, 7, 40, 92, 126, 48, 2, 49, 124, 9, 5, 24, 86],
[26, 126, 92, 50, 65, 82, 88, 121, 25, 38, 31, 89, 42, 104, 18, 86, 24, 36, 9, 66, 49, 2, 48, 73, 60],
[9, 72, 124, 66, 14, 61, 115, 3, 71, 96, 78, 114, 2, 11, 1, 118, 52, 89, 17, 98, 43, 105, 63, 80, 29],
[34, 56, 12, 100, 14, 53, 23, 2, 48, 26, 93, 88, 91, 35],
[76, 20, 32, 60, 6, 73, 48, 26, 101, 88, 39, 31, 52, 122, 94, 81, 80, 5, 24, 86, 109, 69, 43, 59, 113],
[32, 60, 73, 48, 2, 74, 66, 80, 63, 105, 43, 64, 111, 69, 109, 10, 117, 24, 102, 61, 14, 100, 78, 114, 16],
[19, 85, 92, 40, 82, 88, 39, 31, 89, 42, 90, 103, 69, 10, 86, 24, 87, 84, 56, 107, 15],
[20, 92, 126, 26, 0, 77, 1, 46, 67, 27, 29, 5, 24, 102, 61, 53, 23, 2, 11, 7, 101, 88, 91, 121],
[20, 85, 92, 126, 26, 93, 82, 91, 125, 21, 22, 30, 38, 51, 89, 42, 43, 69, 109, 103],
[39, 38, 54, 47, 51, 52, 122, 29, 80, 66, 14, 100, 12, 107, 3, 78, 114, 2, 11, 26, 40, 116, 65, 101, 7],
[83, 50, 19, 32, 60, 73, 48, 0, 77, 1, 27, 94, 29, 9, 72, 49, 74, 114, 78, 96, 3, 56, 84, 110],
[110, 84, 68, 12, 78, 114, 2, 48, 126, 92, 13, 95, 123, 91, 25, 38, 51, 89, 113, 43, 69, 10, 117, 86],
[76, 50, 83, 92, 126, 26, 11, 46, 118, 52, 89, 42, 43, 69, 109, 10, 86, 24, 5, 9, 124, 49, 2, 48, 99],
[21, 35, 91, 88, 101, 0, 79, 2, 49, 72, 70, 9, 63, 105, 43, 69, 4, 109],
[19, 32, 60, 73, 48, 97, 37, 23, 72, 9, 63, 105, 104, 59, 89, 52, 118, 1, 11, 7, 40, 50, 13, 76, 83],
[17, 113, 98, 64, 111, 103, 90, 42, 89, 52, 118, 1, 11, 97, 48, 73, 60, 75, 19, 13, 50, 116, 93, 120, 101],
[36, 5, 80, 9, 72, 49, 2, 48, 73, 60, 75, 85, 76, 50, 40, 26, 11, 1, 81, 122, 52, 38, 33, 30, 57],
[32, 60, 73, 48, 26, 40, 116, 120, 0, 79, 2, 49, 66, 14, 106, 102, 24, 36, 58, 104, 43, 113, 89, 51, 54],
[73, 60, 75, 85, 76, 92, 126, 48, 2, 49, 72, 9, 36, 24, 86, 18, 109],
[99, 55, 112, 60, 6, 73, 48, 2, 49, 72, 9, 36, 24, 86, 109, 43, 103, 98],
[11, 1, 118, 122, 29, 9, 124, 49, 2, 48, 126, 92, 50, 95, 44, 120, 0, 79, 37, 23, 53, 61, 87, 110, 84],
[10, 86, 117, 24, 36, 80, 66, 49, 2, 48, 73, 6, 32, 126, 26, 11, 1, 118, 52, 51, 47, 31],
[34, 68, 84, 110, 87, 24, 36, 29, 122, 52, 38, 30, 22, 41, 25, 39, 46, 11, 2, 23, 53, 14, 108, 115],
[2, 48, 73, 6, 55, 16, 114, 23, 49, 66, 80, 63, 58, 104, 59, 89, 31, 38, 39, 46, 11, 26, 126, 92],
[71, 3, 115, 108, 14, 66, 49, 2, 48, 126, 92, 13, 95, 82, 93, 26, 11, 1, 81, 80, 63, 105, 104, 18, 109],
[34, 56, 12, 78, 114, 2, 11, 46, 39, 30, 57, 41, 25, 88, 101, 26, 48, 73, 45, 112, 62],
[51, 31, 52, 27, 29, 80, 70, 66, 74, 2, 48, 73, 6, 60, 32, 20, 92, 40, 93, 101, 120, 65, 95, 13],
[99, 73, 60, 32, 75, 20, 50, 116, 65, 93, 88, 39, 31, 51, 89, 59, 104, 18, 86, 109, 43, 17, 64, 103, 4],
[103, 4, 10, 117, 24, 5, 9, 124, 23, 114, 16, 112, 45, 6, 73, 48, 79, 11, 1, 118, 52, 89, 17, 64, 28],
[84, 68, 56, 3, 71, 78, 114, 16, 55, 60, 32, 19, 92, 126, 26, 11, 67, 118, 52, 89, 59, 43, 104, 105, 58],
[55, 112, 6, 45, 32, 19, 76, 92, 126, 26, 11, 1, 118, 52, 89, 113, 43, 69, 109, 86, 24, 36, 9, 5, 80],
[28, 43, 42, 98, 103, 111, 4, 10, 86, 24, 36, 80, 66, 49, 72, 74, 2, 11, 26, 93, 44, 82, 116],
[115, 61, 87, 102, 108, 106, 14, 100, 78, 114, 2, 11, 46, 39, 33, 31, 52, 51, 38],
[107, 15, 3, 78, 114, 2, 79, 0, 101, 88, 125, 21, 119, 8, 41, 33, 31, 89, 59, 104, 18, 10, 117, 86],
[84, 110, 87, 61, 53, 23, 2, 48, 126, 92, 83, 50, 13],
[55, 60, 32, 20, 92, 40, 82, 91, 125, 22, 41, 30, 38, 52, 118, 27, 81, 80, 66, 74, 23, 114, 2, 48, 73],
[64, 28, 42, 89, 31, 30, 57, 8, 35, 123, 95, 13, 76, 20, 32, 60, 73, 48, 2, 49, 72, 14, 106, 87, 110],
[18, 109, 10, 86, 24, 36, 29, 27, 67, 11, 7, 40, 50, 13, 19, 32, 60, 73, 48, 2, 49, 124, 70, 72],
[94, 29, 9, 72, 49, 2, 48, 99, 73, 60, 112, 32, 126, 26, 120, 0, 11, 1, 118, 52, 89, 42, 43, 69, 109],
[71, 100, 96, 78, 114, 16, 55, 99, 48, 0, 11, 1, 118, 52, 89, 42, 43, 4, 18, 109, 69],
[4, 43, 109, 10, 86, 24, 36, 9, 70, 66, 49, 2, 97, 0, 101, 88, 25, 38, 31, 89, 17, 64, 111],
[28, 64, 4, 18, 104, 58, 63, 80, 70, 72, 49, 2, 48, 126, 92, 19, 20, 50, 116, 82, 88, 25, 33, 54, 47],
[79, 97, 11, 26, 126, 92, 20, 75, 60, 73, 48, 2, 23, 53, 66, 80, 63, 105, 43, 90, 98, 28, 64],
[77, 0, 120, 93, 88, 25, 41, 22, 8, 30, 39, 46, 11, 2, 37, 79, 48, 126, 92, 76, 50, 116, 82, 91, 123],
[10, 117, 24, 5, 29, 81, 1, 11, 7, 65, 50, 92, 126, 73, 45, 55, 16, 114, 23, 124, 9, 63, 105, 104, 42],
[103, 28, 17, 89, 52, 118, 1, 11, 7, 40, 50, 20, 32, 60, 73, 48, 2, 49, 66, 80, 5, 24, 86, 10, 117],
[62, 112, 60, 32, 45, 6, 73, 48, 2, 49, 124, 9, 63, 105, 43, 103, 4, 10, 117, 24, 102, 108, 115, 3, 107],
[27, 1, 11, 7, 93, 88, 39, 38, 47, 51, 89, 113, 90, 43, 69, 109, 86, 24, 102, 106, 115, 3, 12, 56, 34],
[85, 20, 32, 60, 73, 48, 2, 49, 124, 9, 63, 58, 104, 18, 109, 86],
[4, 69, 109, 10, 86, 24, 36, 80, 81, 67, 77, 0, 120, 116, 50, 83, 92, 126, 48, 2, 49, 124, 9, 63, 58],
[85, 92, 50, 40, 95, 123, 125, 88, 39, 31, 89, 59, 104, 58, 5, 24, 87, 84, 56, 15, 12],
[99, 48, 26, 7, 101, 88, 30, 54, 51, 52, 27, 67, 77, 11, 2, 49, 124, 9, 36, 24, 86],
[48, 26, 11, 1, 118, 52, 89, 113, 42, 105, 63, 80, 66, 14, 100, 71, 96, 78, 12, 68, 84, 87, 108, 61, 106],
[20, 76, 50, 116, 93, 88, 39, 31, 89, 42, 43, 69, 109, 10, 117, 24, 5, 80, 66, 49, 2, 48, 126, 92, 85],
[17, 98, 43, 69, 109, 86, 24, 36, 80, 66, 74, 114, 16, 55, 45, 73, 48, 0, 77, 67, 81, 9, 63, 58, 104],
[73, 48, 126, 92, 83, 50, 40, 44, 82, 88, 39, 31, 89, 113, 43, 4, 18, 117, 24, 36, 80, 70, 124, 49, 2],
[98, 17, 42, 105, 58, 5, 24, 87, 110, 68, 3, 100],
[19, 32, 60, 73, 48, 2, 49, 72, 9, 36, 24, 117, 10, 4, 43, 113, 89, 52, 27, 67, 11, 26, 93, 88, 121]]

\
Best Operator Route set string:
\
20-32-60-73-48-2-49-66-80-63-58-104-18-109*85-92-126-26-11-1-118-52-89-59-43-69-109*10-117-24-5-29-27-67-11-7-40-50-13*35-91-88-101-0-79-2-23-53-61-87-84-56-3-71-100-96*34-56-3-78-114-2-49-66-80-63-105-104-59-89-51-38-47-31-52-122-94-81-9-70*10-86-24-36-9-72-49-2-48-126-92-76*83-50-116-93-88-39-31-89-113-43-69-109*45-73-48-97-11-1-118-52-89-17-64-111*75-60-73-48-0-77-1-118-52-89-42-98*99-55-16-62-112-6-73-48-2-49-124-9-63-105-104-18-109*57-8-35-125-88-101-0-79-37-23-53-61-87-110-84-56-15-107-3-115-108-14-106*19-92-126-26-11-1-118-52-89-113-90-103*20-50-65-82-88-39-31-89-42-43-69-109*34-56-12-78-114-2-79-0-101-88-91-123-125-121-25-41-30-54-33*10-117-24-5-80-81-67-11-7-40-50-13*4-43-113-89-52-118-1-11-26-126-92-76*28-42-89-52-118-1-11-97-48-73-60-75*21-22-30-39-46-11-2-114-78-3-56-34-68*19-32-60-73-48-2-49-124-9-36-24-86-109*10-117-24-36-80-66-49-2-48-126-92-20*6-73-48-0-11-1-118-52-89-17-64-111*76-92-126-26-11-1-118-52-89-42-90-103*74-114-16-55-60-73-48-2-49-72-9-63-58-104-18-109*32-60-73-48-2-49-72-9-5-24-86-109*10-86-24-36-9-72-49-2-48-126-92-83*10-117-24-36-9-72-49-2-48-126-92-76*20-32-60-73-48-2-49-124-9-5-24-86*69-43-113-89-52-118-1-11-26-126-92-76*19-32-60-73-48-2-49-72-9-36-24-86*45-73-48-0-11-1-118-52-89-17-64-111*10-117-24-36-80-66-49-2-48-73-60-75*10-86-24-36-9-124-49-2-48-73-60-32*10-117-24-36-80-66-49-2-48-126-92-50-65-120-44*85-92-126-26-11-1-118-52-89-42-43-69-109*18-104-105-63-80-66-49-2-48-73-60-32-19*10-86-24-5-80-66-49-2-48-126-92-13*20-92-126-26-11-1-118-52-89-42-43-69-109*10-117-24-36-80-66-49-2-48-126-92-83*32-60-73-48-2-49-72-9-63-105-43-103*20-92-126-48-2-49-66-80-36-24-86-109*18-104-105-63-9-124-49-2-48-73-60-32-20*76-50-40-82-88-39-31-89-42-43-69-109*20-32-60-73-48-2-49-72-9-36-24-117*69-43-105-63-9-124-49-2-48-73-60-75*20-92-126-26-11-1-118-52-89-59-43-103*20-92-126-26-11-1-118-52-89-113-43-109*20-50-116-93-88-39-31-89-113-43-69-109*10-86-24-36-29-27-67-11-26-40-50-13*19-32-60-73-48-2-11-46-39-30-22-119*13-83-92-126-48-2-49-124-9-5-24-86*102-24-86-18-104-58-63-9-72-49-2-48-73-60-32-20*20-32-60-73-48-2-49-66-80-63-105-104-18-109*95-13-50-92-126-48-2-49-72-9-5-24-86*20-32-60-73-48-2-49-124-9-63-58-104-18-109*20-32-60-73-48-2-49-124-9-36-24-86-109*20-50-40-93-88-39-31-89-42-43-69-109*10-86-24-36-29-81-1-11-26-40-50-13*10-86-24-36-80-66-49-2-48-126-92-83*4-43-42-89-52-118-1-11-26-126-92-85*76-50-116-93-88-39-31-89-59-43-69-109*

\
Best Passenger Route set sting:
\
47-54-30-22-119-21-35-123-95-13-83-92-126-32-112-62-16-114-2-11-1-118-52-31-33*99-73-48-2-23-72-9-63-36-24-86-117-18-104-105-58-5*43-103-18-104-59-89-52-118-67-77-0-7-40-92-126-48-2-49-124-9-5-24-86*26-126-92-50-65-82-88-121-25-38-31-89-42-104-18-86-24-36-9-66-49-2-48-73-60*9-72-124-66-14-61-115-3-71-96-78-114-2-11-1-118-52-89-17-98-43-105-63-80-29*34-56-12-100-14-53-23-2-48-26-93-88-91-35*76-20-32-60-6-73-48-26-101-88-39-31-52-122-94-81-80-5-24-86-109-69-43-59-113*32-60-73-48-2-74-66-80-63-105-43-64-111-69-109-10-117-24-102-61-14-100-78-114-16*19-85-92-40-82-88-39-31-89-42-90-103-69-10-86-24-87-84-56-107-15*20-92-126-26-0-77-1-46-67-27-29-5-24-102-61-53-23-2-11-7-101-88-91-121*20-85-92-126-26-93-82-91-125-21-22-30-38-51-89-42-43-69-109-103*39-38-54-47-51-52-122-29-80-66-14-100-12-107-3-78-114-2-11-26-40-116-65-101-7*83-50-19-32-60-73-48-0-77-1-27-94-29-9-72-49-74-114-78-96-3-56-84-110*110-84-68-12-78-114-2-48-126-92-13-95-123-91-25-38-51-89-113-43-69-10-117-86*76-50-83-92-126-26-11-46-118-52-89-42-43-69-109-10-86-24-5-9-124-49-2-48-99*21-35-91-88-101-0-79-2-49-72-70-9-63-105-43-69-4-109*19-32-60-73-48-97-37-23-72-9-63-105-104-59-89-52-118-1-11-7-40-50-13-76-83*17-113-98-64-111-103-90-42-89-52-118-1-11-97-48-73-60-75-19-13-50-116-93-120-101*36-5-80-9-72-49-2-48-73-60-75-85-76-50-40-26-11-1-81-122-52-38-33-30-57*32-60-73-48-26-40-116-120-0-79-2-49-66-14-106-102-24-36-58-104-43-113-89-51-54*73-60-75-85-76-92-126-48-2-49-72-9-36-24-86-18-109*99-55-112-60-6-73-48-2-49-72-9-36-24-86-109-43-103-98*11-1-118-122-29-9-124-49-2-48-126-92-50-95-44-120-0-79-37-23-53-61-87-110-84*10-86-117-24-36-80-66-49-2-48-73-6-32-126-26-11-1-118-52-51-47-31*34-68-84-110-87-24-36-29-122-52-38-30-22-41-25-39-46-11-2-23-53-14-108-115*2-48-73-6-55-16-114-23-49-66-80-63-58-104-59-89-31-38-39-46-11-26-126-92*71-3-115-108-14-66-49-2-48-126-92-13-95-82-93-26-11-1-81-80-63-105-104-18-109*34-56-12-78-114-2-11-46-39-30-57-41-25-88-101-26-48-73-45-112-62*51-31-52-27-29-80-70-66-74-2-48-73-6-60-32-20-92-40-93-101-120-65-95-13*99-73-60-32-75-20-50-116-65-93-88-39-31-51-89-59-104-18-86-109-43-17-64-103-4*103-4-10-117-24-5-9-124-23-114-16-112-45-6-73-48-79-11-1-118-52-89-17-64-28*84-68-56-3-71-78-114-16-55-60-32-19-92-126-26-11-67-118-52-89-59-43-104-105-58*55-112-6-45-32-19-76-92-126-26-11-1-118-52-89-113-43-69-109-86-24-36-9-5-80*28-43-42-98-103-111-4-10-86-24-36-80-66-49-72-74-2-11-26-93-44-82-116*115-61-87-102-108-106-14-100-78-114-2-11-46-39-33-31-52-51-38*107-15-3-78-114-2-79-0-101-88-125-21-119-8-41-33-31-89-59-104-18-10-117-86*84-110-87-61-53-23-2-48-126-92-83-50-13*55-60-32-20-92-40-82-91-125-22-41-30-38-52-118-27-81-80-66-74-23-114-2-48-73*64-28-42-89-31-30-57-8-35-123-95-13-76-20-32-60-73-48-2-49-72-14-106-87-110*18-109-10-86-24-36-29-27-67-11-7-40-50-13-19-32-60-73-48-2-49-124-70-72*94-29-9-72-49-2-48-99-73-60-112-32-126-26-120-0-11-1-118-52-89-42-43-69-109*71-100-96-78-114-16-55-99-48-0-11-1-118-52-89-42-43-4-18-109-69*4-43-109-10-86-24-36-9-70-66-49-2-97-0-101-88-25-38-31-89-17-64-111*28-64-4-18-104-58-63-80-70-72-49-2-48-126-92-19-20-50-116-82-88-25-33-54-47*79-97-11-26-126-92-20-75-60-73-48-2-23-53-66-80-63-105-43-90-98-28-64*77-0-120-93-88-25-41-22-8-30-39-46-11-2-37-79-48-126-92-76-50-116-82-91-123*10-117-24-5-29-81-1-11-7-65-50-92-126-73-45-55-16-114-23-124-9-63-105-104-42*103-28-17-89-52-118-1-11-7-40-50-20-32-60-73-48-2-49-66-80-5-24-86-10-117*62-112-60-32-45-6-73-48-2-49-124-9-63-105-43-103-4-10-117-24-102-108-115-3-107*27-1-11-7-93-88-39-38-47-51-89-113-90-43-69-109-86-24-102-106-115-3-12-56-34*85-20-32-60-73-48-2-49-124-9-63-58-104-18-109-86*4-69-109-10-86-24-36-80-81-67-77-0-120-116-50-83-92-126-48-2-49-124-9-63-58*85-92-50-40-95-123-125-88-39-31-89-59-104-58-5-24-87-84-56-15-12*99-48-26-7-101-88-30-54-51-52-27-67-77-11-2-49-124-9-36-24-86*48-26-11-1-118-52-89-113-42-105-63-80-66-14-100-71-96-78-12-68-84-87-108-61-106*20-76-50-116-93-88-39-31-89-42-43-69-109-10-117-24-5-80-66-49-2-48-126-92-85*17-98-43-69-109-86-24-36-80-66-74-114-16-55-45-73-48-0-77-67-81-9-63-58-104*73-48-126-92-83-50-40-44-82-88-39-31-89-113-43-4-18-117-24-36-80-70-124-49-2*98-17-42-105-58-5-24-87-110-68-3-100*19-32-60-73-48-2-49-72-9-36-24-117-10-4-43-113-89-52-27-67-11-26-93-88-121*