12_5_Mumford3_GA_Obj_dis RESULTS EVALUATION:
\
HV:0.8174 | BM:0.0000

\
	Operator	Passenger
\
f1_ATT	37.9820		28.7468
\
f2_TRT	0		1
\
d_0	19.6367		42.4806
\
d_1	48.2205		55.1479
\
d_2	27.7729		2.3716
\
d_un	4.3699		0.0000

\
Best Operator Route set:
\
[[20, 32, 60, 73, 48, 2, 49, 66, 80, 63, 58, 104, 18, 109],
[85, 92, 126, 26, 11, 1, 118, 52, 89, 59, 43, 69, 109],
[10, 117, 24, 5, 29, 27, 67, 11, 7, 40, 50, 13],
[35, 91, 88, 101, 0, 79, 2, 23, 53, 61, 87, 84, 56, 3, 71, 100, 96],
[34, 56, 3, 78, 114, 2, 11, 46, 39, 30, 22, 119],
[10, 86, 24, 36, 9, 72, 49, 2, 48, 126, 92, 76],
[83, 50, 116, 93, 88, 39, 31, 89, 113, 43, 69, 109],
[45, 73, 48, 97, 11, 1, 118, 52, 89, 17, 64, 111],
[75, 60, 73, 48, 0, 77, 1, 118, 52, 89, 42, 98],
[99, 55, 16, 62, 112, 6, 73, 48, 2, 49, 124, 9, 63, 105, 104, 18, 109],
[57, 8, 35, 125, 88, 101, 0, 11, 2, 114, 78, 3, 56, 34, 68],
[19, 92, 126, 26, 11, 1, 118, 52, 89, 113, 90, 103],
[20, 50, 65, 82, 88, 39, 31, 89, 42, 43, 69, 109],
[34, 56, 12, 78, 114, 2, 79, 0, 101, 88, 91, 123, 125, 121, 25, 41, 30, 54, 33],
[10, 117, 24, 5, 80, 81, 67, 11, 7, 40, 50, 13],
[4, 43, 113, 89, 52, 118, 1, 11, 26, 126, 92, 76],
[28, 42, 89, 52, 118, 1, 11, 97, 48, 73, 60, 75],
[21, 22, 30, 39, 46, 11, 1, 118, 52, 89, 17, 64, 111],
[19, 32, 60, 73, 48, 2, 49, 124, 9, 36, 24, 86, 109],
[10, 117, 24, 36, 80, 66, 49, 2, 48, 126, 92, 20],
[6, 73, 48, 0, 79, 37, 23, 53, 61, 87, 110, 84, 56, 15, 107, 3, 115, 108, 14, 106],
[76, 92, 126, 26, 11, 1, 118, 52, 89, 42, 90, 103],
[74, 114, 16, 55, 60, 73, 48, 0, 11, 1, 118, 52, 89, 17, 64, 111],
[32, 60, 73, 48, 2, 49, 72, 9, 5, 24, 86, 109],
[10, 86, 24, 36, 9, 72, 49, 2, 48, 126, 92, 83],
[10, 117, 24, 36, 9, 72, 49, 2, 48, 126, 92, 76],
[20, 32, 60, 73, 48, 2, 49, 124, 9, 5, 24, 86],
[69, 43, 113, 89, 52, 118, 1, 11, 26, 126, 92, 76],
[19, 32, 60, 73, 48, 2, 49, 72, 9, 36, 24, 86],
[45, 73, 48, 2, 49, 72, 9, 63, 58, 104, 18, 109],
[10, 117, 24, 36, 80, 66, 49, 2, 48, 73, 60, 75],
[10, 86, 24, 36, 9, 124, 49, 2, 48, 73, 60, 32],
[10, 117, 24, 36, 80, 66, 49, 2, 48, 126, 92, 50, 65, 120, 44],
[85, 92, 126, 26, 11, 1, 118, 52, 89, 42, 43, 69, 109],
[18, 104, 105, 63, 80, 66, 49, 2, 48, 73, 60, 32, 19],
[10, 86, 24, 5, 80, 66, 49, 2, 48, 126, 92, 13],
[20, 92, 126, 26, 11, 1, 118, 52, 89, 42, 43, 69, 109],
[10, 117, 24, 36, 80, 66, 49, 2, 48, 126, 92, 83],
[32, 60, 73, 48, 2, 49, 72, 9, 63, 105, 43, 103],
[20, 92, 126, 48, 2, 49, 66, 80, 36, 24, 86, 109],
[18, 104, 105, 63, 9, 124, 49, 2, 48, 73, 60, 32, 20],
[76, 50, 40, 82, 88, 39, 31, 89, 42, 43, 69, 109],
[20, 32, 60, 73, 48, 2, 49, 72, 9, 36, 24, 117],
[69, 43, 105, 63, 9, 124, 49, 2, 48, 73, 60, 75],
[20, 92, 126, 26, 11, 1, 118, 52, 89, 59, 43, 103],
[20, 92, 126, 26, 11, 1, 118, 52, 89, 113, 43, 109],
[20, 50, 116, 93, 88, 39, 31, 89, 113, 43, 69, 109],
[10, 86, 24, 36, 29, 27, 67, 11, 26, 126, 92, 85],
[19, 32, 60, 73, 48, 2, 49, 66, 80, 63, 105, 104, 59, 89, 51, 38, 47, 31, 52, 122, 94, 81, 9, 70],
[13, 83, 92, 126, 48, 2, 49, 124, 9, 5, 24, 86],
[102, 24, 86, 18, 104, 58, 63, 9, 72, 49, 2, 48, 73, 60, 32, 20],
[20, 32, 60, 73, 48, 2, 49, 66, 80, 63, 105, 104, 18, 109],
[95, 13, 50, 92, 126, 48, 2, 49, 72, 9, 5, 24, 86],
[20, 32, 60, 73, 48, 2, 49, 124, 9, 63, 58, 104, 18, 109],
[20, 32, 60, 73, 48, 2, 49, 124, 9, 36, 24, 86, 109],
[20, 50, 40, 93, 88, 39, 31, 89, 42, 43, 69, 109],
[10, 86, 24, 36, 29, 81, 1, 11, 26, 40, 50, 13],
[10, 86, 24, 36, 80, 66, 49, 2, 48, 126, 92, 83],
[4, 43, 42, 89, 52, 118, 1, 11, 26, 40, 50, 13],
[76, 50, 116, 93, 88, 39, 31, 89, 59, 43, 69, 109]]

\
Best Passenger Route set:
\
[[91, 35, 123, 125, 121, 88, 25, 41, 57, 30, 33, 39, 46, 11, 1, 118, 52, 89, 42, 43, 4, 64, 28, 17, 113],
[103, 69, 109, 4, 43, 105, 63, 80, 70, 66, 14, 100, 12, 56],
[110, 68, 34, 56, 3, 96, 78, 114, 16, 55, 60, 32, 20, 85, 19, 13, 95, 44, 116, 120, 26, 93, 101, 7, 65],
[37, 74, 2, 97, 48, 73, 45, 55, 16, 114, 23, 49, 72, 9, 63, 58, 105, 43, 103, 111, 28, 17, 89, 42, 59],
[87, 84, 110, 68, 56, 12, 78, 114, 2, 48, 73, 60, 32, 6, 45, 55, 16, 112],
[21, 8, 22, 57, 30, 39, 46, 1, 77, 0, 48, 73, 60, 32, 75],
[69, 10, 117, 24, 36, 80, 66, 49, 2, 48, 126, 92, 83, 50, 116],
[123, 91, 88, 121, 25, 39, 31, 52, 122, 94, 81, 29, 80, 63, 58, 105, 104, 59, 89, 17, 90, 103, 69, 43, 113],
[34, 56, 12, 78, 114, 2, 79, 0, 101, 88, 91, 35, 125, 121, 25, 30, 54, 33, 31, 89],
[92, 20, 85, 75, 32, 19, 76, 83, 50, 116, 65, 82, 88, 39, 31, 89, 113, 43, 69, 109, 18, 103, 111, 64, 4],
[71, 100, 78, 12, 107, 56, 84, 110, 87, 61, 53, 23, 2, 79, 0, 26, 40, 95, 123, 35, 8, 119, 21],
[42, 98, 90, 43, 109, 10, 69, 4, 18, 117, 24, 102, 87, 106, 61, 53, 23, 2, 79, 0, 120, 101, 88, 91, 123],
[126, 32, 20, 92, 83, 76, 50, 40, 7, 11, 1, 27, 29, 5, 36, 24, 86, 18, 104, 59, 113, 43, 90, 42],
[34, 68, 110, 87, 24, 5, 29, 94, 122, 52, 89, 59, 43, 69, 109],
[19, 32, 60, 73, 48, 2, 49, 66, 80, 63, 105, 104, 59, 89, 51, 38, 47, 31, 52, 122, 94, 81, 9, 70],
[105, 43, 64, 4, 103, 69, 109, 86, 18, 104, 58, 63, 9, 124, 72, 49, 2, 48, 126, 92, 76, 83, 50, 19],
[104, 59, 42, 98, 28, 64, 111, 4, 10, 18, 69, 43, 90, 113, 89, 31, 39, 88, 93, 116, 50, 83, 13, 92, 40],
[3, 56, 68, 84, 110, 87, 106, 115, 108, 61, 14, 53, 23, 37, 79, 0, 101, 88, 91, 123, 125, 22, 41, 8, 119],
[20, 32, 60, 73, 48, 2, 49, 66, 80, 63, 105, 104, 18, 109, 69, 111],
[61, 108, 87, 24, 86, 18, 109, 43, 113, 98, 64, 28, 17, 42, 89, 31, 38, 30, 88, 82, 65, 50, 20],
[116, 95, 50, 83, 92, 40, 65, 44, 82, 88, 39, 31, 51, 89, 42, 43, 69, 109, 18],
[73, 60, 75, 19, 20, 92, 76, 83, 13, 50, 40, 7, 11, 1, 81, 29, 5, 24, 117, 10, 69, 4, 111, 28],
[57, 22, 35, 125, 88, 101, 0, 79, 37, 23, 53, 61, 87, 110, 84, 56, 12, 15, 107, 3, 115, 108, 14, 106],
[17, 98, 64, 4, 10, 69, 109, 86, 117, 24, 36, 5, 80, 66, 74, 114, 16, 112, 45, 60, 32, 126, 48, 0, 79],
[20, 32, 112, 62, 16, 55, 99, 48, 26, 101, 88, 125, 22, 119, 21, 41, 30, 54, 47, 31, 51, 38, 39, 33, 25],
[121, 125, 22, 8, 30, 33, 39, 38, 31, 54, 47, 51, 52, 122, 29, 9, 70, 66, 14, 100, 3, 107, 15, 56, 34],
[54, 51, 52, 122, 29, 80, 66, 49, 2, 48, 73, 60, 32, 75, 20, 85, 76, 92, 50, 83, 13],
[35, 125, 88, 39, 33, 54, 47, 31, 52, 118, 1, 11, 79, 97, 48, 73, 60, 75, 32, 45, 6, 112, 62],
[65, 50, 92, 19, 13, 83, 76, 85, 20, 32, 60, 6, 45, 55, 16, 114, 78, 71, 96, 100, 3, 12, 56, 15, 107],
[84, 68, 34, 56, 12, 3, 96, 71, 78, 114, 2, 11, 7, 93, 82, 91, 125, 21, 119, 8, 57, 30, 41],
[124, 23, 114, 78, 12, 107, 15, 3, 100, 14, 53, 66, 80, 63, 58, 105, 104, 59, 17, 64, 4, 69, 109, 103, 111],
[70, 66, 124, 23, 53, 14, 61, 102, 24, 5, 29, 122, 52, 38, 33, 30, 22, 119, 21, 125, 35, 91, 82, 116, 40],
[57, 30, 38, 31, 52, 122, 29, 80, 66, 14, 61, 115, 108, 106, 87, 102, 24, 5, 58, 104, 42, 43, 69, 103],
[20, 85, 19, 32, 60, 73, 48, 2, 49, 124, 70, 80, 5, 24, 86, 117, 10, 18, 4, 103, 28, 43, 90],
[69, 4, 43, 105, 63, 9, 124, 49, 2, 48, 99, 73, 60, 75],
[10, 117, 86, 18, 109, 69, 103, 111, 64, 43, 104, 105, 58, 63, 80, 66, 74, 114, 16, 112, 6, 45, 73, 48, 26],
[43, 98, 42, 89, 52, 118, 1, 77, 11, 2, 114, 16, 62, 112, 32, 75, 19, 76, 50, 92, 126, 48, 73, 6],
[62, 112, 55, 99, 48, 26, 7, 101, 88, 125, 21, 119, 22, 8, 41, 57, 30, 38, 31, 52, 118, 67, 1, 81, 29],
[60, 45, 73, 48, 0, 11, 1, 118, 52, 89, 17, 64, 111],
[110, 68, 56, 15, 107, 3, 78, 114, 2, 11, 46, 39, 33, 30, 22, 8, 119, 21, 35, 125, 91, 25, 38, 51, 54],
[92, 85, 76, 50, 116, 93, 88, 30, 31, 89, 59, 43, 109, 10],
[122, 81, 27, 1, 11, 26, 126, 92, 50, 19, 32, 60, 73, 48, 2, 23, 53, 14, 61, 108, 106, 102, 87, 84, 56],
[1, 27, 67, 77, 0, 97, 79, 48, 99, 55, 16, 114, 23, 72, 66, 80, 63, 105, 104, 43, 90, 103, 109, 4],
[40, 93, 88, 82, 65, 116, 44, 120, 0, 79, 2, 49, 124, 9, 5, 24, 117, 86],
[99, 73, 48, 0, 11, 77, 1, 118, 52, 89, 42, 113, 43, 69, 109, 4, 18, 10, 86, 117, 24],
[84, 68, 34, 56, 12, 100, 78, 114, 2, 79, 11, 46, 39, 30, 22, 119, 21, 57, 8, 41, 33, 38, 54, 47],
[52, 89, 59, 42, 17, 98, 90, 43, 105, 63, 80, 9, 72, 23, 114, 16, 112, 55, 99, 48, 97, 0, 7, 93, 120],
[40, 116, 65, 95, 82, 91, 35, 21, 22, 30, 33, 38, 31, 52, 122, 29, 5, 24, 87, 110, 84, 68, 12, 78, 96],
[19, 92, 126, 26, 11, 1, 118, 52, 89, 113, 90, 103, 28],
[101, 0, 97, 11, 7, 120, 116, 50, 76, 13, 95, 82, 88, 39, 31, 51, 52, 89, 59, 104, 18, 109, 69, 43, 105],
[107, 12, 3, 56, 84, 110, 87, 24, 36, 29, 122, 52, 38, 33, 30, 22, 21, 119, 8, 41, 25, 91, 88, 101, 26],
[64, 111, 28, 42, 113, 98, 103, 43, 59, 89, 52, 118, 1, 81, 67, 77, 0, 48, 73, 60, 75, 32, 126, 26, 93],
[20, 19, 50, 76, 85, 75, 60, 73, 48, 97, 79, 11, 46, 118, 52, 89, 42, 90, 103, 111, 28, 43, 109],
[73, 48, 97, 2, 114, 78, 71, 96, 100, 14, 53, 66, 80, 29, 122, 52, 38, 33, 41, 22, 119, 21, 125, 91, 35],
[85, 92, 126, 26, 11, 1, 118, 52, 51, 47, 54, 30, 41, 57, 21, 119, 8, 22, 125, 88, 93, 44],
[71, 96, 78, 3, 15, 107, 12, 68, 110, 84, 87, 24, 5, 29, 94, 122, 52, 31, 38, 30, 8, 22, 119, 21, 41],
[10, 117, 24, 36, 5, 80, 66, 49, 2, 79, 0, 120, 116, 65, 95, 44, 93, 26, 11, 46, 67, 77, 1, 27, 52],
[23, 114, 16, 62, 112, 60, 45, 6, 73, 48, 2, 49, 124, 9, 63, 105, 43, 103, 28, 98, 17, 89, 113, 90, 59],
[76, 20, 32, 60, 73, 48, 2, 49, 124, 9, 5, 36, 63, 105, 42, 104, 18, 109, 4, 10, 69, 103, 64, 28, 111],
[75, 60, 73, 48, 2, 23, 53, 14, 61, 87, 110, 84, 68, 34, 56, 12, 3, 71, 96]]

\
Best Operator Route set string:
\
20-32-60-73-48-2-49-66-80-63-58-104-18-109*85-92-126-26-11-1-118-52-89-59-43-69-109*10-117-24-5-29-27-67-11-7-40-50-13*35-91-88-101-0-79-2-23-53-61-87-84-56-3-71-100-96*34-56-3-78-114-2-11-46-39-30-22-119*10-86-24-36-9-72-49-2-48-126-92-76*83-50-116-93-88-39-31-89-113-43-69-109*45-73-48-97-11-1-118-52-89-17-64-111*75-60-73-48-0-77-1-118-52-89-42-98*99-55-16-62-112-6-73-48-2-49-124-9-63-105-104-18-109*57-8-35-125-88-101-0-11-2-114-78-3-56-34-68*19-92-126-26-11-1-118-52-89-113-90-103*20-50-65-82-88-39-31-89-42-43-69-109*34-56-12-78-114-2-79-0-101-88-91-123-125-121-25-41-30-54-33*10-117-24-5-80-81-67-11-7-40-50-13*4-43-113-89-52-118-1-11-26-126-92-76*28-42-89-52-118-1-11-97-48-73-60-75*21-22-30-39-46-11-1-118-52-89-17-64-111*19-32-60-73-48-2-49-124-9-36-24-86-109*10-117-24-36-80-66-49-2-48-126-92-20*6-73-48-0-79-37-23-53-61-87-110-84-56-15-107-3-115-108-14-106*76-92-126-26-11-1-118-52-89-42-90-103*74-114-16-55-60-73-48-0-11-1-118-52-89-17-64-111*32-60-73-48-2-49-72-9-5-24-86-109*10-86-24-36-9-72-49-2-48-126-92-83*10-117-24-36-9-72-49-2-48-126-92-76*20-32-60-73-48-2-49-124-9-5-24-86*69-43-113-89-52-118-1-11-26-126-92-76*19-32-60-73-48-2-49-72-9-36-24-86*45-73-48-2-49-72-9-63-58-104-18-109*10-117-24-36-80-66-49-2-48-73-60-75*10-86-24-36-9-124-49-2-48-73-60-32*10-117-24-36-80-66-49-2-48-126-92-50-65-120-44*85-92-126-26-11-1-118-52-89-42-43-69-109*18-104-105-63-80-66-49-2-48-73-60-32-19*10-86-24-5-80-66-49-2-48-126-92-13*20-92-126-26-11-1-118-52-89-42-43-69-109*10-117-24-36-80-66-49-2-48-126-92-83*32-60-73-48-2-49-72-9-63-105-43-103*20-92-126-48-2-49-66-80-36-24-86-109*18-104-105-63-9-124-49-2-48-73-60-32-20*76-50-40-82-88-39-31-89-42-43-69-109*20-32-60-73-48-2-49-72-9-36-24-117*69-43-105-63-9-124-49-2-48-73-60-75*20-92-126-26-11-1-118-52-89-59-43-103*20-92-126-26-11-1-118-52-89-113-43-109*20-50-116-93-88-39-31-89-113-43-69-109*10-86-24-36-29-27-67-11-26-126-92-85*19-32-60-73-48-2-49-66-80-63-105-104-59-89-51-38-47-31-52-122-94-81-9-70*13-83-92-126-48-2-49-124-9-5-24-86*102-24-86-18-104-58-63-9-72-49-2-48-73-60-32-20*20-32-60-73-48-2-49-66-80-63-105-104-18-109*95-13-50-92-126-48-2-49-72-9-5-24-86*20-32-60-73-48-2-49-124-9-63-58-104-18-109*20-32-60-73-48-2-49-124-9-36-24-86-109*20-50-40-93-88-39-31-89-42-43-69-109*10-86-24-36-29-81-1-11-26-40-50-13*10-86-24-36-80-66-49-2-48-126-92-83*4-43-42-89-52-118-1-11-26-40-50-13*76-50-116-93-88-39-31-89-59-43-69-109*

\
Best Passenger Route set sting:
\
91-35-123-125-121-88-25-41-57-30-33-39-46-11-1-118-52-89-42-43-4-64-28-17-113*103-69-109-4-43-105-63-80-70-66-14-100-12-56*110-68-34-56-3-96-78-114-16-55-60-32-20-85-19-13-95-44-116-120-26-93-101-7-65*37-74-2-97-48-73-45-55-16-114-23-49-72-9-63-58-105-43-103-111-28-17-89-42-59*87-84-110-68-56-12-78-114-2-48-73-60-32-6-45-55-16-112*21-8-22-57-30-39-46-1-77-0-48-73-60-32-75*69-10-117-24-36-80-66-49-2-48-126-92-83-50-116*123-91-88-121-25-39-31-52-122-94-81-29-80-63-58-105-104-59-89-17-90-103-69-43-113*34-56-12-78-114-2-79-0-101-88-91-35-125-121-25-30-54-33-31-89*92-20-85-75-32-19-76-83-50-116-65-82-88-39-31-89-113-43-69-109-18-103-111-64-4*71-100-78-12-107-56-84-110-87-61-53-23-2-79-0-26-40-95-123-35-8-119-21*42-98-90-43-109-10-69-4-18-117-24-102-87-106-61-53-23-2-79-0-120-101-88-91-123*126-32-20-92-83-76-50-40-7-11-1-27-29-5-36-24-86-18-104-59-113-43-90-42*34-68-110-87-24-5-29-94-122-52-89-59-43-69-109*19-32-60-73-48-2-49-66-80-63-105-104-59-89-51-38-47-31-52-122-94-81-9-70*105-43-64-4-103-69-109-86-18-104-58-63-9-124-72-49-2-48-126-92-76-83-50-19*104-59-42-98-28-64-111-4-10-18-69-43-90-113-89-31-39-88-93-116-50-83-13-92-40*3-56-68-84-110-87-106-115-108-61-14-53-23-37-79-0-101-88-91-123-125-22-41-8-119*20-32-60-73-48-2-49-66-80-63-105-104-18-109-69-111*61-108-87-24-86-18-109-43-113-98-64-28-17-42-89-31-38-30-88-82-65-50-20*116-95-50-83-92-40-65-44-82-88-39-31-51-89-42-43-69-109-18*73-60-75-19-20-92-76-83-13-50-40-7-11-1-81-29-5-24-117-10-69-4-111-28*57-22-35-125-88-101-0-79-37-23-53-61-87-110-84-56-12-15-107-3-115-108-14-106*17-98-64-4-10-69-109-86-117-24-36-5-80-66-74-114-16-112-45-60-32-126-48-0-79*20-32-112-62-16-55-99-48-26-101-88-125-22-119-21-41-30-54-47-31-51-38-39-33-25*121-125-22-8-30-33-39-38-31-54-47-51-52-122-29-9-70-66-14-100-3-107-15-56-34*54-51-52-122-29-80-66-49-2-48-73-60-32-75-20-85-76-92-50-83-13*35-125-88-39-33-54-47-31-52-118-1-11-79-97-48-73-60-75-32-45-6-112-62*65-50-92-19-13-83-76-85-20-32-60-6-45-55-16-114-78-71-96-100-3-12-56-15-107*84-68-34-56-12-3-96-71-78-114-2-11-7-93-82-91-125-21-119-8-57-30-41*124-23-114-78-12-107-15-3-100-14-53-66-80-63-58-105-104-59-17-64-4-69-109-103-111*70-66-124-23-53-14-61-102-24-5-29-122-52-38-33-30-22-119-21-125-35-91-82-116-40*57-30-38-31-52-122-29-80-66-14-61-115-108-106-87-102-24-5-58-104-42-43-69-103*20-85-19-32-60-73-48-2-49-124-70-80-5-24-86-117-10-18-4-103-28-43-90*69-4-43-105-63-9-124-49-2-48-99-73-60-75*10-117-86-18-109-69-103-111-64-43-104-105-58-63-80-66-74-114-16-112-6-45-73-48-26*43-98-42-89-52-118-1-77-11-2-114-16-62-112-32-75-19-76-50-92-126-48-73-6*62-112-55-99-48-26-7-101-88-125-21-119-22-8-41-57-30-38-31-52-118-67-1-81-29*60-45-73-48-0-11-1-118-52-89-17-64-111*110-68-56-15-107-3-78-114-2-11-46-39-33-30-22-8-119-21-35-125-91-25-38-51-54*92-85-76-50-116-93-88-30-31-89-59-43-109-10*122-81-27-1-11-26-126-92-50-19-32-60-73-48-2-23-53-14-61-108-106-102-87-84-56*1-27-67-77-0-97-79-48-99-55-16-114-23-72-66-80-63-105-104-43-90-103-109-4*40-93-88-82-65-116-44-120-0-79-2-49-124-9-5-24-117-86*99-73-48-0-11-77-1-118-52-89-42-113-43-69-109-4-18-10-86-117-24*84-68-34-56-12-100-78-114-2-79-11-46-39-30-22-119-21-57-8-41-33-38-54-47*52-89-59-42-17-98-90-43-105-63-80-9-72-23-114-16-112-55-99-48-97-0-7-93-120*40-116-65-95-82-91-35-21-22-30-33-38-31-52-122-29-5-24-87-110-84-68-12-78-96*19-92-126-26-11-1-118-52-89-113-90-103-28*101-0-97-11-7-120-116-50-76-13-95-82-88-39-31-51-52-89-59-104-18-109-69-43-105*107-12-3-56-84-110-87-24-36-29-122-52-38-33-30-22-21-119-8-41-25-91-88-101-26*64-111-28-42-113-98-103-43-59-89-52-118-1-81-67-77-0-48-73-60-75-32-126-26-93*20-19-50-76-85-75-60-73-48-97-79-11-46-118-52-89-42-90-103-111-28-43-109*73-48-97-2-114-78-71-96-100-14-53-66-80-29-122-52-38-33-41-22-119-21-125-91-35*85-92-126-26-11-1-118-52-51-47-54-30-41-57-21-119-8-22-125-88-93-44*71-96-78-3-15-107-12-68-110-84-87-24-5-29-94-122-52-31-38-30-8-22-119-21-41*10-117-24-36-5-80-66-49-2-79-0-120-116-65-95-44-93-26-11-46-67-77-1-27-52*23-114-16-62-112-60-45-6-73-48-2-49-124-9-63-105-43-103-28-98-17-89-113-90-59*76-20-32-60-73-48-2-49-124-9-5-36-63-105-42-104-18-109-4-10-69-103-64-28-111*75-60-73-48-2-23-53-14-61-87-110-84-68-34-56-12-3-71-96*